// Monsters Additional Database
//
// Structure of Database :
// ID,Sprite_Name,kROName,iROName,LV,HP,SP,EXP,JEXP,Range1,ATK1,ATK2,DEF,MDEF,STR,AGI,VIT,INT,DEX,LUK,Range2,Range3,Scale,Race,Element,Mode,Speed,aDelay,aMotion,dMotion,MEXP,MVP1id,MVP1per,MVP2id,MVP2per,MVP3id,MVP3per,Drop1id,Drop1per,Drop2id,Drop2per,Drop3id,Drop3per,Drop4id,Drop4per,Drop5id,Drop5per,Drop6id,Drop6per,Drop7id,Drop7per,Drop8id,Drop8per,Drop9id,Drop9per,DropCardid,DropCardper
//道场
3500,dc1,俄塞里斯,Osiris,78,415400,0,71500,28600,1,780,2880,10,25,1,75,200,37,86,40,10,12,1,1,89,0x37B5,100,1072,672,384,35750,,,,,,,617,2000,675,100,969,2000,,,,,,,,,,,,,4144,20
3501,dc2,巴风特,Baphomet,81,668000,0,107250,37895,2,3220,4040,35,45,1,152,200,85,120,95,10,12,2,6,67,0x37B5,100,768,768,576,53625,,,,,,,675,100,969,2000,,,,,,,,,,,617,1000,,,4147,20
3502,dc3,死灵,Doppelganger,72,249000,0,51480,10725,1,1340,1590,60,35,88,90,200,35,125,65,10,12,1,6,67,0x37B5,100,480,480,288,25740,,,,,,,675,100,969,2000,,,,,,,,,,,617,1000,,,4142,20
3503,dc4,蜂后,Mistress,74,212000,0,39325,27170,1,880,1110,40,60,50,165,200,95,70,130,10,12,0,4,84,0x37B5,100,1148,648,300,19662,,,,,,,675,100,969,2000,617,1000,616,1000,,,,,,,,,,,4132,20
3504,dc5,黄金虫,Golden Thief Bug,99,126000,0,14300,7150,1,870,1145,60,45,65,75,200,45,85,150,10,12,2,4,43,0x11AB,100,768,768,480,7150,,,,,,,969,2000,617,1000,675,100,,,,,,,,,,,,,4128,1
3505,dc6,兽人英雄,Orc Hero,77,585700,0,58630,32890,1,2257,2542,40,45,1,91,200,70,105,90,10,12,2,7,42,0x37B5,150,1678,780,648,29315,,,,,,,675,100,969,2000,,,,,,,,,,,617,1000,,,4143,20
3506,dc7,海盗之王,Drake,70,326666,0,28600,22880,1,1800,2100,20,35,85,80,200,75,79,50,10,12,1,1,29,0x37B5,400,620,420,360,14300,,,,,,,675,100,969,2000,,,,,,,,,,,617,1000,,,4137,20
3507,dc8,虎王,Eddga,65,152000,0,25025,12870,1,1215,1565,15,15,78,70,200,66,90,85,10,12,2,2,23,0x37B5,300,872,1344,432,12512,,,,,,,617,1000,675,100,969,2000,,,,,,,,,,,,,4123,20
3508,dc9,蚁后,Maya,81,169000,0,42900,17875,1,1800,2070,60,25,95,97,200,95,82,105,10,12,2,4,82,0x37B5,100,864,1000,480,21450,,,,,,,675,100,969,2000,,,,,7020,100,,,,,,,,,4146,20
3509,dc10,月夜猫,Moonlight Flower,67,120000,0,27500,14300,1,1200,1700,10,55,55,99,200,82,95,120,10,12,1,6,63,0x37B5,150,1276,576,288,13750,,,,,,,675,100,969,2000,,,,,,,,,,,617,1000,,,4131,20
3510,dc11,法老王,Pharaoh,93,445997,0,114990,41899,1,2267,3015,67,70,1,93,200,104,89,112,10,12,2,7,67,0x37B5,125,868,768,288,57495,,,,,,,617,1000,675,100,969,2000,,,,,,,,,,,,,4148,20
3511,dc12,皮里恩,Phreeoni,69,188000,0,32175,16445,1,880,1530,10,20,1,85,200,35,130,60,10,12,2,2,60,0x37B5,200,1020,1020,288,16087,,,,,,,675,100,969,2000,,,,,,,,,,,617,1000,,,4121,20
3512,dc13,兽人酋长,Orc Lord,74,783000,0,62205,8580,1,3700,4150,40,5,85,82,200,70,110,85,10,12,2,7,82,0x37B5,100,1248,500,360,31102,,,,,,,617,1000,675,100,969,2000,,,,,,,,,,,,,4135,20
3513,dc14,黑暗之王,Dark Lord,80,720000,0,65780,45045,2,2800,3320,30,70,1,120,200,118,99,60,10,12,2,6,89,0x37B5,100,868,768,480,32890,,,,,,,617,1000,675,100,969,2000,,,,,,,,,,,,,4168,20
3514,dc15,乌龟将军,Turtle General,97,320700,0,18202,9800,2,2438,3478,50,54,100,45,200,65,105,164,10,12,2,2,42,0x37B5,200,900,1000,500,9101,,,,,,,617,1000,675,100,969,2000,,,,,,,,,,,,,4305,20
3515,dc16,死灵骑士,Lord of the Dead,94,603383,0,131343,43345,3,3430,4232,77,73,1,99,200,109,100,106,10,12,2,6,67,0x37B5,180,1446,1296,360,65671,,,,,,,617,1000,675,100,969,2000,,,,,,,,,,,,,,
3516,dc17,德古拉男爵,Dracula,85,320096,0,120157,38870,3,1625,1890,45,76,1,95,200,87,85,100,10,12,2,6,80,0x37B5,145,1290,1140,576,60078,,,,,,,617,1000,675,100,969,2000,,,,,,,,,,,,,4134,20
3517,dc18,墨蛇君,Evil Snake Lord,73,254993,0,34288,17950,3,2433,4210,25,55,70,83,200,80,164,88,10,12,2,2,67,0x37B5,200,588,816,420,17144,,,,,,,617,1000,675,100,969,2000,,,,,,,,,,,,,4330,20
3518,dc19,元灵武士,Samurai Specter,71,218652,0,33095,18214,3,2219,3169,10,51,91,85,200,85,150,60,10,12,2,7,67,0x37B5,135,874,1344,576,16547,,,,,,,617,1000,675,100,969,2000,,,,,,,,,,,,,4263,1
//初级
3520,ax1,俄塞里斯,Osiris,78,415400,0,71500,28600,1,780,2880,10,25,1,75,200,37,86,40,10,12,1,1,89,0x37B5,100,1072,672,384,35750,,,,,,,617,2000,675,100,969,2000,19004,1,27018,120,22003,1,22002,1,24100,150,19000,8,4144,20
3521,ax2,巴风特,Baphomet,81,668000,0,107250,37895,2,3220,4040,35,45,1,152,200,85,120,95,10,12,2,6,67,0x37B5,100,768,768,576,53625,,,,,,,675,100,969,2000,19004,1,27018,120,22003,1,22002,1,19000,8,24101,150,617,1000,4147,20
3522,ax3,死灵,Doppelganger,72,249000,0,51480,10725,1,1340,1590,60,35,88,90,200,35,125,65,10,12,1,6,67,0x37B5,100,480,480,288,25740,,,,,,,675,100,969,2000,19004,1,27018,120,22003,1,22002,1,19000,8,24102,150,617,1000,4142,20
3523,ax4,蜂后,Mistress,74,212000,0,39325,27170,1,880,1110,40,60,50,165,200,95,70,130,10,12,0,4,84,0x37B5,100,1148,648,300,19662,,,,,,,675,100,969,2000,616,1000,19000,8,19004,1,27018,120,22002,1,24103,150,22003,1,4132,20
3524,ax5,黄金虫,Golden Thief Bug,99,126000,0,14300,7150,1,870,1145,60,45,65,75,200,45,85,150,10,12,2,4,43,0x11AB,100,768,768,480,7150,,,,,,,969,2000,675,100,19000,8,19004,1,27018,120,,,,,22002,1,22003,1,4128,1
3525,ax6,海盗之王,Drake,70,326666,0,28600,22880,1,1800,2100,20,35,85,80,200,75,79,50,10,12,1,1,29,0x37B5,400,620,420,360,14300,,,,,,,617,1000,675,100,969,2000,19000,8,19004,1,27018,120,22002,1,24106,150,22003,1,4137,20
3526,ax7,虎王,Eddga,65,152000,0,25025,12870,1,1215,1565,15,15,78,70,200,66,90,85,10,12,2,2,23,0x37B5,300,872,1344,432,12512,,,,,,,617,1000,675,100,969,2000,19000,8,19004,1,27018,120,22002,1,24107,150,22003,1,4123,20
3527,ax8,幽灵波利,Ghostring,99,73300,0,101,108,1,82,122,0,60,40,27,200,45,72,30,10,12,1,6,80,0x37B5,300,1220,1080,648,0,,,,,,,617,1000,675,100,969,2000,19000,8,19004,1,27018,120,,,22002,1,22003,1,4047,1
3528,ax9,蚁后,Maya,81,169000,0,42900,17875,1,1800,2070,60,25,95,97,200,95,82,105,10,12,2,4,82,0x37B5,100,864,1000,480,21450,,,,,,,675,100,969,2000,19000,8,27018,120,7020,100,19004,1,22002,1,27502,150,22003,1,4146,20
3529,ax10,月夜猫,Moonlight Flower,67,120000,0,27500,14300,1,1200,1700,10,55,55,99,200,82,95,120,10,12,1,6,63,0x37B5,150,1276,576,288,13750,,,,,,,27018,120,675,100,969,2000,19000,8,19004,1,22002,1,22003,1,27503,150,617,1000,4131,20
3530,ax11,法老王,Pharaoh,93,445997,0,114990,41899,1,2267,3015,67,70,1,93,200,104,89,112,10,12,2,7,67,0x37B5,125,868,768,288,57495,,,,,,,675,100,969,2000,19004,1,27018,120,,,22002,1,22003,1,27504,150,19000,8,4148,20
3531,ax12,皮里恩,Phreeoni,69,188000,0,32175,16445,1,880,1530,10,20,1,85,200,35,130,60,10,12,2,2,60,0x37B5,200,1020,1020,288,16087,,,,,,,675,100,969,2000,19004,1,27018,120,22002,1,22003,1,19000,8,27505,150,617,1000,4121,20
3532,ax13,兽人酋长,Orc Lord,74,783000,0,62205,8580,1,3700,4150,40,5,85,82,200,70,110,85,10,12,2,7,82,0x37B5,100,1248,500,360,31102,,,,,,,675,100,969,2000,19004,1,27018,120,617,1000,22002,1,22003,1,27505,150,19000,8,4135,20
3533,ax14,冰暴骑士,Stormy Knight,77,240000,0,64350,21450,2,1425,1585,35,60,75,185,200,55,130,79,10,12,2,0,84,0x37B5,200,468,468,288,32175,,,,,,,675,100,969,2000,617,4000,19000,8,19004,1,27018,120,22002,1,27506,150,22003,1,4318,20
3534,ax15,卡仑,Garm,73,197000,0,50050,20020,3,1700,1900,40,45,85,126,200,65,95,60,10,12,2,2,81,0x37B5,400,608,408,336,25025,,,,,,,675,100,969,2000,19004,1,27018,120,617,1000,19000,8,22002,1,27507,150,22003,1,4324,20
3535,ax16,黑暗之王,Dark Lord,80,720000,0,65780,45045,2,2800,3320,30,70,1,120,200,118,99,60,10,12,2,6,89,0x37B5,100,868,768,480,32890,,,,,,,675,100,969,2000,19004,1,27018,120,22002,1,22003,1,19000,8,25033,150,,,4168,20
3536,ax17,乌龟将军,Turtle General,97,320700,0,18202,9800,2,2438,3478,50,54,100,45,200,65,105,164,10,12,2,2,42,0x37B5,200,900,1000,500,9101,,,,,,,675,100,969,2000,19004,1,27018,120,22002,1,22003,1,19000,8,25034,150,,,4305,20
3537,ax18,死灵骑士,Lord of the Dead,94,603383,0,131343,43345,3,3430,4232,77,73,1,99,200,109,100,106,10,12,2,6,67,0x37B5,180,1446,1296,360,65671,,,,,,,675,100,969,2000,19004,1,27018,120,22002,1,22003,1,,,25035,150,19000,8,,
3538,ax19,天使波利,Angeling,20,55000,0,163,144,1,120,195,0,70,1,50,200,75,68,200,10,12,1,8,80,0x37B5,200,1072,672,672,0,,,,,,,675,100,969,2000,617,1000,19000,8,19004,1,27018,120,22002,1,22003,1,,,4054,20
3539,ax20,德古拉男爵,Dracula,85,320096,0,120157,38870,3,1625,1890,45,76,1,95,200,87,85,100,10,12,2,6,80,0x37B5,145,1290,1140,576,60078,,,,,,,617,1000,675,100,969,2000,19000,8,19004,1,27018,120,25036,150,22002,1,22003,1,4134,20
3540,ax21,墨蛇君,Evil Snake Lord,73,254993,0,34288,17950,3,2433,4210,25,55,70,83,200,80,164,88,10,12,2,2,80,0x37B5,200,588,816,420,17144,,,,,,,617,1000,675,100,969,2000,19000,8,19004,1,27018,120,22002,1,22003,1,,,4330,20
3541,ax22,元灵武士,Samurai Specter,71,218652,0,33095,18214,3,2219,3169,10,51,91,85,200,85,150,60,10,12,2,7,67,0x37B5,135,874,1344,576,16547,,,,,,,617,1000,24104,150,675,100,969,2000,19000,8,19004,1,27018,120,22002,1,22003,1,4263,1
3542,ax23,古埃及王,Amon Ra,88,1214138,0,87264,35891,3,1647,2576,26,52,0,1,200,124,74,45,14,12,2,7,62,0x1A4,170,854,2016,480,43632,,,,,,,675,100,969,2000,617,1000,616,1000,19000,8,19004,1,27018,120,22002,1,22003,1,4236,20
3543,ax24,塔奥群卡,Tao Gunka,99,193000,0,59175,10445,2,1450,1770,20,20,1,85,200,35,140,60,10,12,2,6,60,0x37B5,150,1020,288,144,29587,,,,,,,617,1000,675,100,969,2000,19000,8,19004,1,27018,120,22002,1,22003,1,,,4302,1
3544,ax25,RSX-0806,RSX-0806,86,560733,0,31010,32011,1,2740,5620,39,41,85,51,200,25,93,84,10,12,2,0,60,0x37B5,220,128,1104,240,15505,,,,,,,675,100,969,2000,617,1000,19000,8,19004,1,27018,120,22002,1,22003,1,,,4342,20
3545,ax26,嗒妮小姐,Lady Tanee,89,493000,0,64995,43222,14,450,2170,20,44,1,125,200,78,210,38,10,12,2,3,64,0x1A4,100,576,432,360,32497,,,,,,,969,2000,675,100,19004,1,27018,120,,,617,2000,19000,8,22002,1,22003,1,4376,20
3546,ax27,迪塔勒泰晤勒斯,Detardeurus,90,960000,0,291850,123304,3,4560,5548,66,59,100,90,200,136,140,56,10,12,2,9,67,0x37B5,250,432,936,360,145925,,,,,,,617,1000,675,100,969,2000,19000,8,19004,1,27018,120,22002,1,22003,1,,,4386,20
3547,ax28,堕落的大神官希巴姆,Fallen Bishop Hibram,99,3333333,0,1111111,1111111,1,3220,5040,50,0,1,80,200,126,120,20,10,12,1,6,47,0x37B5,150,432,1152,360,555555,,,,,,,617,1000,675,100,969,2000,19000,8,19004,1,27018,120,22002,1,22003,1,,,4441,1
3548,ax29,巴基力 兰特克力斯,Valkyrie,99,1567200,0,10000,10000,3,5560,9980,25,42,100,120,200,120,220,210,10,12,2,8,80,0x37B5,100,576,576,480,0,,,,,,,,,617,1000,969,2000,675,100,19000,8,19004,1,27018,120,22002,1,22003,1,4407,1
3549,ax31,恶魔波利,Deviling,31,64500,0,211,412,1,135,270,5,70,30,50,200,75,77,200,10,12,1,6,80,0x37B5,200,1072,1056,384,0,,,,,,,675,100,969,2000,617,1000,19000,8,19004,1,27018,120,22002,1,22003,1,,,4174,20
3550,ax32,兽人英雄,Orc Hero,77,585700,0,58630,32890,1,2257,2542,40,45,1,91,200,70,105,90,10,12,2,7,42,0x37B5,150,1678,780,648,29315,,,,,,,675,100,969,2000,19000,8,19004,1,27018,120,22002,1,22003,1,24105,150,617,1000,4143,20
3551,ax33,贝思波,Vesper,97,640700,0,200000,100000,3,4000,10000,50,54,100,50,200,70,160,150,10,12,2,2,80,0x37B5,180,504,912,432,100000,,,,,,,,,675,100,617,1000,969,2000,19000,8,19004,1,27018,120,22002,1,22003,1,4374,20
3552,ax34,圣天使波利,Arc Angeling,60,79523,0,4152,2173,1,669,890,54,58,1,65,200,74,65,105,10,12,1,8,80,0x37B5,180,1072,672,480,0,,,,,,,675,100,969,2000,617,1000,19000,8,27018,120,22002,1,22003,1,,,,,4241,20
3553,ax35,白素贞,White Lady,85,253221,0,45250,16445,3,1868,6124,20,55,52,65,200,112,152,35,10,12,2,7,64,0x39A5,130,576,960,480,22625,,,,,,,617,2000,675,100,969,2000,19004,1,27018,120,22003,1,22002,1,,,19000,8,4372,20
3554,ax36,阿特罗斯,Atroce,82,1008420,0,295550,118895,2,2526,3646,25,25,100,87,200,49,89,72,10,12,2,2,67,0x37B5,150,576,600,240,147775,,,,,,,617,2000,675,100,969,2000,19004,1,27018,120,22003,1,22002,1,,,19000,8,4425,20
3555,ax37,●剑士 赛尼亚,Egnigem Cenia,79,214200,0,258760,86000,1,3890,5690,48,25,82,60,45,31,110,40,10,12,1,7,43,0x37B5,100,1008,864,288,129380,,,,,,,617,2000,675,100,969,2000,19004,1,27018,120,22003,1,22002,1,,,19000,8,4352,1

//3554,AX,神之牧师,M4,99,100000000,0,0,0,1,300000,300000,60,90,500,500,150,800,1500,300,10,12,1,4,80,0x37B5,100,150,350,1,10,,,,,,,,,,,,,,,,,,,,,30134,1,,,,
//3556,AX,不知火舞,M4,99,100000000,0,0,0,1,300000,300000,60,90,500,500,150,800,1500,300,10,12,1,4,80,0x37B5,100,150,350,1,10,,,,,,,,,,,,,,,,,,,,,30135,1,,,,
//3557,AX,追命,M4,99,100000000,0,0,0,1,600000,600000,60,90,500,500,150,800,1500,300,10,12,1,4,80,0x37B5,100,150,350,1,10,,,,,,,,,,,,,,,,,,,,,30136,1,,,,,
//3558,AX,铁手,M4,99,100000000,0,0,0,14,300000,300000,60,90,500,500,150,800,1500,300,10,12,1,4,80,0x37B5,100,150,350,1,10,,,,,,,,,,,,,,,,,,,,,30137,1,,,,
//3559,AX,吕布奉先,M4,99,100000000,0,0,0,1,300000,300000,60,90,500,500,150,1500,1500,300,10,12,1,4,80,0x37B5,100,150,350,1,10,,,,,,,,,,,,,,,,,,,,,30138,1,,,,
//3560,AX,少年魔剑,M4,99,100000000,0,0,0,1,300000,300000,60,90,500,500,150,800,1500,300,10,12,1,4,80,0x37B5,100,150,350,1,10,,,,,,,,,,,,,,,,,,,,,30139,1,,,,
//3561,AX,严元仪,M4,99,100000000,0,0,0,1,300000,300000,60,90,500,500,150,800,1500,300,10,12,1,4,80,0x37B5,100,150,350,1,10,,,,,,,,,,,,,,,,,,,,,30140,1,,,,
//3562,AX,叛逃忍者,M4,99,100000000,0,0,0,1,300000,300000,60,90,500,500,150,800,1500,300,10,12,1,4,80,0x37B5,100,150,350,1,10,,,,,,,,,,,,,,,,,,,,,30141,1,,,,
//3563,AX,暗部杀手,M4,99,100000000,0,0,0,1,600000,600000,60,90,500,500,150,800,1500,300,10,12,1,4,80,0x37B5,100,150,350,1,10,,,,,,,,,,,,,,,,,,,,,30142,1,,,,
//3564,AX,女武神,M4,99,100000000,0,0,0,1,300000,300000,60,90,500,500,150,800,1500,300,10,12,1,4,80,0x37B5,100,150,350,1,10,,,,,,,,,,,,,,,,,,,,,30143,1,,,,
//3565,AX,猫女,M4,99,100000000,0,0,0,1,300000,300000,60,90,500,500,150,1500,1500,300,10,12,1,4,80,0x37B5,100,150,350,1,10,,,,,,,,,,,,,,,,,,,,,30144,1,,,,
//3332,AX,炎邪,M4,99,100000000,0,0,0,1,300000,300000,60,90,500,500,150,800,1500,300,10,12,1,4,80,0x37B5,100,150,350,1,10,,,,,,,,,,,,,,,,,,,,,30146,1,,,,

3565,ss1,月光女神,nvshen,99,100000000,0,0,0,9,15000,15000,10,90,200,450,500,200,600,400,10,12,1,8,80,0x37B5,100,150,350,1,10,,,,,,,671,1000,671,1000,671,1000,671,1000,671,1000,671,1000,671,1000,671,1000,9219,1,12699,1
3566,AX,巫妖少主,M4,99,100000000,0,0,0,1,300000,300000,60,90,500,500,150,800,1500,300,10,12,1,4,80,0x37B5,100,150,350,1,10,,,,,,,,,,,,,,,,,,,,,30145,1,,,,
3567,ss2,巫妖之王,nvshen,99,300000000,0,0,0,9,25000,25000,70,450,200,650,500,400,800,500,10,12,1,8,80,0x37B5,100,150,350,1,10,,,,,,,671,1000,671,1000,671,1000,671,1000,671,1000,671,1000,671,1000,671,1000,671,1000,,
3568,ss3,至高战神,nvshen,99,150000000,,0,0,3,15000,15000,10,90,200,550,500,300,600,400,10,12,2,8,80,0x37B5,100,150,350,1,10,,,,,,,671,1000,671,1000,671,1000,671,1000,671,1000,671,1000,671,1000,671,1000,9220,1,12696,1
3569,fp1,反叛军剑士,nvshen,90,1000000,,0,0,1,20000,20000,10,70,50,200,300,300,200,30,10,12,1,7,80,0x3795,180,800,600,300,0,,,,,,,617,40,969,2000,675,10,4696,1,19021,1,,,,,,,,,,
3570,fp2,反叛军盗贼,nvshen,90,900000,,0,0,1,20000,20000,10,70,50,200,300,300,200,30,10,12,1,7,80,0x3795,180,800,600,300,0,,,,,,,617,40,969,2000,675,10,4696,1,19021,1,,,,,,,,,,
3571,fp3,反叛军弓箭手,nvshen,90,800000,,0,0,14,20000,20000,10,70,50,200,300,300,200,30,10,12,1,7,80,0x3795,180,1000,600,300,0,,,,,,,617,40,969,2000,675,10,4696,1,19021,1,,,,,,,,,,
3572,fp4,反叛军商人,nvshen,90,900000,,0,0,1,20000,20000,10,70,50,200,300,300,200,30,10,12,1,7,80,0x3795,180,800,600,300,0,,,,,,,617,40,969,2000,675,10,4696,1,19021,1,,,,,,,,,,
3573,fp5,反叛军魔法,nvshen,90,800000,,0,0,14,20000,20000,10,70,50,200,300,300,200,30,10,12,1,7,80,0x3795,180,1000,600,300,0,,,,,,,617,40,969,2000,675,10,4696,1,19021,1,,,,,,,,,,
3574,fp6,反叛军左偏将,nvshen,99,20000000,,0,0,1,13000,13000,10,70,90,300,200,300,400,30,10,12,1,7,80,0x37B5,100,150,350,1,0,,,,,,,671,1000,671,1000,,,,,,,,,,,,,,,,
3575,fp7,反叛军骑士,nvshen,90,1500000,,0,0,2,25000,25000,10,70,50,250,300,300,300,30,10,12,1,7,80,0x3795,180,800,600,300,0,,,,,,,617,40,969,2000,675,10,4696,1,19021,1,,,,,,,,,,
3576,fp8,反叛军刺客,nvshen,90,1400000,,0,0,1,25000,25000,10,70,50,250,300,300,300,30,10,12,1,7,80,0x3795,180,800,600,300,0,,,,,,,617,40,969,2000,675,10,4696,1,19021,1,,,,,,,,,,
3577,fp9,反叛军猎人,nvshen,90,1300000,,0,0,14,25000,25000,10,70,50,250,300,300,300,30,10,12,1,7,80,0x3795,180,1000,600,300,0,,,,,,,617,40,969,2000,675,10,4696,1,19021,1,,,,,,,,,,
3578,fp10,反叛军巫师,nvshen,90,1300000,,0,0,14,25000,25000,10,70,50,250,300,300,300,30,10,12,1,7,80,0x3795,180,1000,600,300,0,,,,,,,617,40,969,2000,675,10,4696,1,19021,1,,,,,,,,,,
3579,fp11,反叛军铁匠,nvshen,90,1500000,,0,0,2,25000,25000,10,70,50,250,300,300,300,30,10,12,1,7,80,0x3795,180,800,600,300,0,,,,,,,617,40,969,2000,675,10,4696,1,19021,1,,,,,,,,,,
3580,fp12,反叛军右偏将,nvshen,99,40000000,,0,0,1,15000,15000,10,70,90,300,200,300,400,30,10,12,1,7,80,0x37B5,100,150,350,1,0,,,,,,,671,1000,671,1000,,,,,,,,,,,,,,,,
3581,fp13,反叛军大主教,nvshen,90,2200000,,0,0,2,39000,39000,10,70,50,250,300,300,300,30,10,12,1,7,80,0x3795,180,800,600,300,0,,,,,,,617,40,969,2000,675,10,4696,1,19021,1,,,,,,,,,,
3582,fp14,反叛军十字刺客,nvshen,90,2100000,,0,0,1,39000,39000,10,70,50,250,300,300,300,30,10,12,1,7,80,0x3795,180,800,600,300,0,,,,,,,617,40,969,2000,675,10,4696,1,19021,1,,,,,,,,,,
3583,fp15,反叛军修罗,nvshen,90,2100000,,0,0,1,39000,39000,10,70,50,250,300,300,300,30,10,12,1,7,80,0x3795,180,800,600,300,0,,,,,,,617,40,969,2000,675,10,4696,1,19021,1,,,,,,,,,,
3584,fp16,反叛军游侠,nvshen,90,2000000,,0,0,14,39000,39000,10,70,50,250,300,300,300,30,10,12,1,7,80,0x3795,180,1000,600,300,0,,,,,,,617,40,969,2000,675,10,4696,1,19021,1,,,,,,,,,,
3585,fp17,反叛军舞者,nvshen,90,2000000,,0,0,14,39000,39000,10,70,50,250,300,300,300,30,10,12,1,7,80,0x3795,180,1000,600,300,0,,,,,,,617,40,969,2000,675,10,4696,1,19021,1,,,,,,,,,,
3586,fp18,反叛军逐影,nvshen,90,2000000,,0,0,1,39000,39000,10,70,50,250,300,300,300,30,10,12,1,7,80,0x3795,180,1000,600,300,0,,,,,,,617,40,969,2000,675,10,4696,1,19021,1,,,,,,,,,,
3587,fp19,反叛军将军,nvshen,99,1000000000,600,0,0,3,15000,15000,10,300,200,600,300,1000,600,500,10,12,1,7,80,0x37B5,100,150,350,1,10,,,,,,,671,1000,671,1000,671,1000,671,1000,671,1000,,,,,9221,1,4758,1,,

//3302,custom22,马超,Machao,99,80000000,0,0,0,2,9000,9000,10,100,200,550,200,600,600,34,10,12,1,8,80,0x37B5,100,150,350,1,10,,,,,,,,,671,100,2630,300,2410,300,1530,300,969,2000,969,2000,969,2000,969,2000,,
//3303,custom23,逍遥仙,Xiaoyao,99,80000000,0,0,0,2,9000,9000,10,100,200,550,200,600,600,34,10,12,1,8,80,0x37B5,100,150,350,1,10,,,,,,,,,671,100,2630,300,2410,300,1530,300,969,2000,969,2000,969,2000,969,2000,,
//3304,custom24,妖鬼王,Yaogui,99,80000000,0,0,0,10,9000,9000,10,100,200,550,200,600,600,34,10,12,1,8,80,0x37B5,100,150,350,1,10,,,,,,,,,671,100,1530,300,2410,300,2630,300,,,,,,,,,,
//3305,custom25,伊娃,Yiwa,99,75000000,20000000,0,0,9,60000,60000,60,450,200,600,2000,2000,388,34,10,12,1,8,80,0x37B5,40,1000,1700,1,10,,,,,,,,,671,1,,,,,675,5,,,,,27025,10,,,,
//3306,custom26,炎邪,Xieyan,99,75000000,20000000,0,0,9,60000,60000,60,450,200,600,200,2000,388,34,10,12,1,8,80,0x37B5,40,1000,1700,1,10,,,,,,,,,671,1,,,,,675,5,,,,,27025,10,,,,
//3307,custom27,夏侯敦,Xiahou,99,80000000,0,0,0,2,9000,9000,10,100,200,550,200,600,600,34,10,12,1,8,80,0x37B5,100,150,350,1,10,,,,,,,,,671,100,2410,300,2630,300,1530,300,969,2000,969,2000,969,2000,969,2000,,
//3308,custom28,维纳斯,Weina,99,75000000,20000000,0,0,9,60000,60000,60,450,200,600,200,2000,388,34,10,12,1,8,80,0x37B5,40,1000,1700,1,10,,,,,,,,,671,1,,,,,675,5,,,,,27022,10,,,,
//3309,custom29,太史慈,Taishi,99,75000000,20000000,0,0,9,60000,60000,60,450,200,600,200,2000,388,34,10,12,1,8,80,0x37B5,40,1000,1700,1,10,,,,,,,,,671,1,,,,,675,5,,,,,27022,10,,,,
//3310,custom30,燕玲,Taishi,99,75000000,20000000,0,0,9,60000,60000,60,450,200,600,200,2000,388,34,10,12,1,8,80,0x37B5,40,1000,1700,1,10,,,,,,,,,671,1,,,,,675,5,,,,,27022,10,,,,
//3311,custom31,转身の貂蝉,Diaochan,99,2100000000,0,0,0,1,10000000,10000000,10,300,200,650,200,800,700,34,12,12,1,8,80,0x37B5,100,20,20,1,10,,,,,,,,,671,100,2630,300,2410,300,1530,300,969,2000,969,2000,969,2000,969,2000,,
//3312,custom32,转身の黄月英,Diaochan,99,2100000000,0,0,0,1,10000000,10000000,10,300,2,650,200,800,700,34,12,12,1,8,80,0x37B5,100,20,20,1,10,,,,,,,,,671,100,2630,300,2410,300,1530,300,969,2000,969,2000,969,2000,969,2000,,
//3313,custom33,嫦娥,Change,99,75000000,20000000,0,0,9,60000,60000,60,450,200,600,200,2000,388,34,10,12,1,8,80,0x37B5,40,1000,1700,1,10,,,,,,,,,671,1,,,,,675,5,,,,,27023,10,,,,
//3314,custom34,转身の吕布,Diaochan,99,2100000000,0,0,0,1,10000000,10000000,10,300,200,650,200,800,700,34,12,12,1,8,80,0x37B5,100,20,20,1,10,,,,,,,,,671,100,2630,300,2410,300,1530,300,969,2000,969,2000,969,2000,969,2000,,
//3315,custom35,转身の田丰,Diaochan,99,2100000000,0,0,0,1,10000000,10000000,10,300,200,650,200,800,700,34,15,15,1,8,80,0x37B5,100,20,20,1,10,,,,,,,,,671,100,2630,300,2410,300,1530,300,969,2000,969,2000,969,2000,969,2000,,
//3316,custom36,转身の大乔,Change,99,75000000,20000000,0,0,9,60000,60000,60,450,200,600,200,2000,388,34,12,12,1,8,80,0x37B5,40,1000,1700,1,10,,,,,,,,,671,1,,,,,675,5,,,27024,10,,,,,,
//3365,YGROXM03,大魔法师,Change,99,100000000,20000000,0,0,9,60000,60000,60,450,400,600,200,2000,388,34,12,12,1,6,80,0x37B5,40,1000,1700,1,10,,,,,,,,,27020,10,27023,10,,,27025,10,,,27024,10,27022,10,,,,
2003,ROPIRATE_SKEL,Ro大盗,RoSkeleton,25,1676,0,233,142,1,145,178,10,15,25,13,25,5,25,10,10,12,1,1,29,0x3885,200,1754,554,288,0,,,,,,,,,,,,,,,,,,,,,,,,,,
//3326,custom46,草泥马,Baphomet,99,6250000,0,3000,3000,4,13000,13000,50,100,100,350,200,100,350,30,15,15,2,8,81,0x37B5,150,250,450,1,10,,,,,,,1530,300,675,200,2410,300,2630,300,969,2000,27011,30,,,27018,400,27019,30,11125,5
//3359,custom79,猛虎奥珀威尔,Baphomet,50,6250000,0,3000,3000,4,13000,13000,50,100,100,350,200,100,350,30,15,15,2,8,81,0x37B5,150,250,450,1,10,,,,,,,1530,300,675,200,2410,300,2630,300,969,2000,27016,30,,,27018,400,27019,30,11126,5
//3338,custom58,猛狼迪斯,Baphomet,50,6250000,0,3000,3000,4,13000,13000,50,100,100,350,200,100,350,30,15,15,2,8,81,0x37B5,150,250,450,1,10,,,,,,,1530,300,675,200,2410,300,2630,300,969,2000,27013,30,,,27018,400,27019,30,11127,5
//3363,YGROXM01,霸王狼,Baphomet,50,6250000,0,3000,3000,4,13000,13000,50,100,100,350,200,100,350,30,15,15,2,8,81,0x37B5,150,250,450,1,10,,,,,,,1530,300,675,200,2410,300,2630,300,969,2000,27014,30,,,27018,400,27019,30,11128,5
//3335,custom55,蜘蛛精,Baphomet,50,6250000,0,3000,3000,4,10000,10000,50,100,100,350,200,100,350,30,15,15,2,8,81,0x37B5,150,250,450,1,10,,,,,,,1530,300,675,200,2410,300,2630,300,969,2000,27015,30,,,27018,400,27019,30,11129,5
//3330,custom50,雅典娜,Baphomet,50,12500000,0,3000,3000,4,15000,15000,60,100,100,400,200,150,450,30,15,15,2,8,81,0x37B5,150,200,350,1,10,,,,,,,1530,300,675,200,2410,300,2630,300,969,2000,27020,20,27017,20,27018,400,,,11130,5
//3331,custom51,小毛毛,Baphomet,50,12500000,0,3000,3000,4,15000,15000,60,100,100,400,200,150,450,30,15,15,2,8,81,0x37B5,150,200,350,1,10,,,,,,,1530,300,675,200,2410,300,2630,300,969,2000,27022,20,27017,20,27018,400,,,11131,5
//3333,custom53,暹罗,Baphomet,50,12500000,0,3000,3000,4,15000,15000,60,100,100,400,200,150,450,30,15,15,2,8,81,0x37B5,150,200,350,1,10,,,,,,,1530,300,675,200,2410,300,2630,300,969,2000,27024,20,27017,20,27018,400,,,11133,5
//3334,custom54,妖鬼王,Baphomet,50,12500000,0,3000,3000,4,15000,15000,60,100,100,400,200,150,450,30,15,15,2,8,81,0x37B5,150,200,350,1,10,,,,,,,1530,300,675,200,2410,300,2630,300,969,2000,27025,20,27017,20,27018,400,,,11134,5

3340,hd1,疯兔,Spring Rabbit,12,10,0,0,0,1,0,0,100,99,1,1,1,1,1,1,10,12,1,2,86,0xC3,160,1120,552,511,0,0,0,0,0,0,0,0,0,0,0,0,0,0,0,0,0,0,0,0,0,27018,1,19004,20,0,0
3341,hd2,捣药小玉兔,Spring Rabbit,12,10,0,0,0,1,0,0,100,99,1,1,1,1,1,1,10,12,1,2,86,0xC3,160,1120,552,511,0,0,0,0,0,0,0,0,0,0,0,0,0,0,0,0,0,0,0,27018,1,27018,1,27018,1,0,0
3342,hd3,可爱小玉兔,Spring Rabbit,12,10,0,0,0,1,0,0,100,99,1,1,1,1,1,1,10,12,1,2,86,0xC3,160,1120,552,511,0,0,0,0,0,0,0,0,0,0,0,0,0,0,0,0,0,18113,10000,18113,10000,18113,10000,18113,10000,0,0
3343,hd4,蓝疯兔,Spring Rabbit,12,10,0,0,0,1,0,0,100,99,1,1,1,1,1,1,10,12,1,2,86,0xC3,160,1120,552,511,0,0,0,0,0,0,0,675,1000,675,1000,675,1000,675,1000,675,1000,675,1000,0,0,0,0,0,0,0,0
//中级
3590,bx1,俄塞里斯★,Osiris,78,5000000,0,71500,28600,4,3000,3000,50,50,100,350,800,150,350,100,15,15,1,1,89,0x37B5,150,250,450,350,35750,,,,,,,1530,200,675,200,2410,200,2630,200,969,2000,27011,30,19001,8,19005,1,27019,30,4144,20
3591,bx2,巴风特★,Baphomet,81,5000000,0,71500,28600,4,3000,3000,50,50,100,350,200,150,350,100,15,15,2,6,67,0x37B5,150,250,450,350,53625,,,,,,,1530,200,675,200,2410,200,2630,200,969,2000,27016,30,19001,8,19005,1,27019,30,4147,20
3592,bx3,死灵★,Doppelganger,72,5000000,0,71500,28600,4,3000,3000,50,50,100,350,200,150,350,100,15,15,1,6,67,0x37B5,150,250,450,350,25740,,,,,,,1530,200,675,200,2410,200,2630,200,969,2000,27013,30,19001,8,19005,1,27019,30,4142,20
3593,bx4,蜂后★,Mistress,74,5000000,0,71500,28600,4,3000,3000,50,50,100,350,200,150,350,100,15,15,0,4,84,0x37B5,150,250,450,350,19662,,,,,,,1530,200,675,200,2410,200,2630,200,969,2000,27014,30,19001,8,19005,1,27019,30,4132,20
3594,bx5,黄金虫★,Golden Thief Bug,99,5000000,0,71500,28600,4,3000,3000,50,50,100,350,200,150,350,100,15,15,2,4,43,0x11AB,150,250,450,350,7150,,,,,,,1530,200,675,200,2410,200,2630,200,969,2000,27015,30,19001,8,19005,1,27019,30,4128,1
3595,bx6,海盗之王★,Drake,70,5000000,0,71500,28600,4,3000,3000,50,50,100,350,200,150,350,100,15,15,1,1,29,0x37B5,150,250,450,350,14300,,,,,,,1530,200,675,200,2410,200,2630,200,969,2000,27011,30,19001,8,19005,1,27019,30,4137,20
3596,bx7,虎王★,Eddga,65,5000000,0,71500,28600,4,3000,3000,50,50,100,350,200,150,350,100,15,15,2,2,23,0x37B5,150,250,450,350,12512,,,,,,,1530,200,675,200,2410,200,2630,200,969,2000,27016,30,19001,8,19005,1,27019,30,4123,20
3597,bx8,幽灵波利★,Ghostring,99,5000000,0,71500,28600,4,3000,3000,50,50,100,350,200,150,350,100,15,15,1,6,80,0x37B5,150,250,450,350,0,,,,,,,1530,200,675,200,2410,200,2630,200,969,2000,27013,30,19001,8,19005,1,27019,30,4047,1
3598,bx9,蚁后★,Maya,81,5000000,0,71500,28600,4,3000,3000,50,50,100,350,200,150,350,100,15,15,2,4,82,0x37B5,150,250,450,350,21450,,,,,,,1530,200,675,200,2410,200,2630,200,969,2000,27014,30,19001,8,19005,1,27019,30,4146,20
3599,bx10,月夜猫★,Moonlight Flower,67,5000000,0,71500,28600,4,3000,3000,50,50,100,350,200,150,350,100,15,15,1,6,63,0x37B5,150,250,450,350,13750,,,,,,,1530,200,675,200,2410,200,2630,200,969,2000,27015,30,19001,8,19005,1,27019,30,4131,20
3600,bx11,法老王★,Pharaoh,93,5000000,0,71500,28600,4,3000,3000,50,50,100,350,200,150,350,100,15,15,2,7,67,0x37B5,150,250,450,350,57495,,,,,,,1530,200,675,200,2410,200,2630,200,969,2000,27011,30,19001,8,19005,1,27019,30,4148,20
3601,bx12,皮里恩★,Phreeoni,69,5000000,0,71500,28600,4,3000,3000,50,50,100,350,200,150,350,100,15,15,2,2,60,0x37B5,150,250,450,350,16087,,,,,,,1530,200,675,200,2410,200,2630,200,969,2000,27016,30,19001,8,19005,1,27019,30,4121,20
3602,bx13,兽人酋长★,Orc Lord,74,5000000,0,71500,28600,4,3000,3000,50,50,100,350,200,150,350,100,15,15,2,7,82,0x37B5,150,250,450,350,31102,,,,,,,1530,200,675,200,2410,200,2630,200,969,2000,27013,30,19001,8,19005,1,27019,30,4135,20
3603,bx14,冰暴骑士★,Stormy Knight,77,5000000,0,71500,28600,4,3000,3000,50,50,100,350,200,150,350,100,15,15,2,0,84,0x37B5,150,250,450,350,32175,,,,,,,1530,200,675,200,2410,200,2630,200,969,2000,27014,30,19001,8,19005,1,27019,30,4318,20
3604,bx15,卡仑★,Garm,73,5000000,0,71500,28600,4,3000,3000,50,50,100,350,200,150,350,100,15,15,2,2,81,0x37B5,150,250,450,350,25025,,,,,,,1530,200,675,200,2410,200,2630,200,969,2000,27015,30,19001,8,19005,1,27019,30,4324,20
3605,bx16,黑暗之王★,Dark Lord,80,5000000,0,71500,28600,4,3000,3000,50,50,100,350,200,150,350,100,15,15,2,6,89,0x37B5,150,250,450,350,32890,,,,,,,1530,200,675,200,2410,200,2630,200,969,2000,27011,30,19001,8,19005,1,27019,30,4168,20
3606,bx17,乌龟将军★,Turtle General,97,5000000,0,71500,28600,4,3000,3000,50,50,100,350,200,150,350,100,15,15,2,2,42,0x37B5,150,250,450,350,9101,,,,,,,1530,200,675,200,2410,200,2630,200,969,2000,27016,30,19001,8,19005,1,27019,30,4305,20
3607,bx18,死灵骑士★,Lord of the Dead,94,5000000,0,71500,28600,4,3000,3000,50,50,100,350,200,150,350,100,15,15,2,6,67,0x37B5,150,250,450,350,65671,,,,,,,1530,200,675,200,2410,200,2630,200,969,2000,27013,30,19001,8,19005,1,27019,30,,
3608,bx19,天使波利★,Angeling,20,5000000,0,71500,28600,4,3000,3000,50,50,100,350,200,150,350,100,15,15,1,8,80,0x37B5,150,250,450,350,32890,,,,,,,1530,200,675,200,2410,200,2630,200,969,2000,27014,30,19001,8,19005,1,27019,30,4054,20
3609,bx20,德古拉男爵★,Dracula,85,5000000,0,71500,28600,4,3000,3000,50,50,100,350,200,150,350,100,15,15,2,6,80,0x37B5,150,250,450,350,60078,,,,,,,1530,200,675,200,2410,200,2630,200,969,2000,27015,30,19001,8,19005,1,27019,30,4134,20
3610,bx21,墨蛇君★,Evil Snake Lord,73,5000000,0,71500,28600,4,3000,3000,50,50,100,350,200,150,350,100,15,15,2,2,80,0x37B5,150,250,450,350,17144,,,,,,,1530,200,675,200,2410,200,2630,200,969,2000,27011,30,19001,8,19005,1,27019,30,4330,20
3611,bx22,元灵武士★,Samurai Specter,71,5000000,0,71500,28600,4,3000,3000,50,50,100,350,200,150,350,100,15,15,2,7,67,0x37B5,150,250,450,350,16547,,,,,,,1530,200,675,200,2410,200,2630,200,969,2000,27016,30,19001,8,19005,1,27019,30,4263,1
3612,bx23,古埃及王★,Amon Ra,88,5000000,0,71500,28600,4,3000,3000,50,50,100,350,200,150,350,100,15,15,2,7,62,0x1A4,150,250,450,350,43632,,,,,,,1530,200,675,200,2410,200,2630,200,969,2000,27013,30,19001,8,19005,1,27019,30,4236,20
3613,bx24,塔奥群卡★,Tao Gunka,99,5000000,0,71500,28600,4,3000,3000,50,50,100,350,200,150,350,100,15,15,2,6,60,0x37B5,150,250,450,350,29587,,,,,,,1530,200,675,200,2410,200,2630,200,969,2000,27014,30,19001,8,19005,1,27019,30,4302,1
3614,bx25,RSX-0806★,RSX-0806,86,5000000,0,71500,28600,4,3000,3000,50,50,100,350,200,150,350,100,15,15,2,0,60,0x37B5,150,250,450,350,15505,,,,,,,1530,200,675,200,2410,200,2630,200,969,2000,27015,30,19001,8,19005,1,27019,30,4342,20
3615,bx26,嗒妮小姐★,Lady Tanee,89,5000000,0,71500,28600,4,3000,3000,50,50,100,350,200,150,350,100,15,15,2,3,64,0x1A4,150,250,450,350,32497,,,,,,,1530,200,675,200,2410,200,2630,200,969,2000,27011,30,19001,8,19005,1,27019,30,4376,20
3616,bx27,迪塔勒泰晤勒斯★,Detardeurus,90,5000000,0,71500,28600,4,3000,3000,50,50,100,350,200,150,350,100,15,15,2,9,67,0x37B5,150,250,450,350,145925,,,,,,,1530,200,675,200,2410,200,2630,200,969,2000,27016,30,19001,8,19005,1,27019,30,4386,20
3617,bx28,堕落的大神官希巴姆★,Fallen Bishop Hibram,99,5000000,0,71500,28600,4,3000,3000,50,50,100,350,200,150,350,100,15,15,1,6,47,0x37B5,150,250,450,350,555555,,,,,,,1530,200,675,200,2410,200,2630,200,969,2000,27013,30,19001,8,19005,1,27019,30,4441,1
3618,bx29,巴基力 兰特克力斯★,Valkyrie,99,5000000,0,71500,28600,4,3000,3000,50,50,100,350,200,150,350,100,15,15,2,8,80,0x37B5,150,250,450,350,0,,,,,,,1530,200,675,200,2410,200,2630,200,969,2000,27014,30,19001,8,19005,1,27019,30,4407,1
3619,bx31,恶魔波利★,Deviling,31,5000000,0,71500,28600,4,3000,3000,50,50,100,350,200,150,350,100,15,15,1,6,80,0x37B5,150,250,450,350,0,,,,,,,1530,200,675,200,2410,200,2630,200,969,2000,27015,30,19001,8,19005,1,27019,30,4174,20
3620,bx32,兽人英雄★,Orc Hero,77,5000000,0,71500,28600,4,3000,3000,50,50,100,350,200,150,350,100,15,15,2,7,42,0x37B5,150,250,450,350,29315,,,,,,,1530,200,675,200,2410,200,2630,200,969,2000,27011,30,19001,8,19005,1,27019,30,4143,20
3621,bx33,贝思波★,Vesper,97,5000000,0,71500,28600,4,3000,3000,50,50,100,350,200,150,350,100,15,15,2,2,80,0x37B5,150,250,450,350,100000,,,,,,,1530,200,675,200,2410,200,2630,200,969,2000,27016,30,19001,8,19005,1,27019,30,4374,20
3622,bx34,圣天使波利★,Arc Angeling,60,5000000,0,71500,28600,4,3000,3000,50,50,100,350,200,150,350,100,15,15,1,8,80,0x37B5,150,250,450,350,0,,,,,,,1530,200,675,200,2410,200,2630,200,969,2000,27013,30,19001,8,19005,1,27019,30,4241,20
3623,bx35,白素贞★,Osiris,78,5000000,0,71500,28600,4,6000,6000,50,50,100,350,800,150,350,100,15,15,1,1,89,0x37B5,150,250,450,350,35750,,,,,,,1530,200,675,200,2410,200,2630,200,969,2000,,,19001,8,19005,1,27019,30,4372,20
3624,bx36,阿特罗斯★,Osiris,78,5000000,0,71500,28600,4,6000,6000,50,50,100,350,800,150,350,100,15,15,1,1,89,0x37B5,150,250,450,350,35750,,,,,,,1530,200,675,200,2410,200,2630,200,969,2000,,,19001,8,19005,1,27019,30,4425,20
3625,bx37,●剑士 赛尼亚★,Osiris,78,5000000,0,71500,28600,4,8000,8000,50,50,100,350,800,150,350,100,15,15,1,1,89,0x37B5,150,250,450,350,35750,,,,,,,1530,200,675,200,2410,200,2630,200,969,2000,,,19001,8,19005,1,27019,30,4352,1
//3623,B_SEYREN,●骑士领主 赛依连,Lord Knight Seyren,99,50000000,0,4835600,1569970,1,12000,12000,72,37,120,110,81,65,130,52,10,12,1,7,83,0x37B5,100,76,384,288,0,,,,,,,1530,300,2410,300,2630,300,675,500,969,2000,969,2000,969,2000,969,2000,0,0,4357,1
//高级
2590,cx1,俄塞里斯★★,Osiris,78,15000000,0,71500,28600,1,8000,8000,10,60,100,500,200,200,600,100,10,12,1,1,89,0x37B5,150,200,450,350,35750,,,,,,,1530,200,675,200,2410,200,2630,200,969,2000,27020,14,27017,20,19006,1,19002,8,4144,20
2591,cx2,巴风特★★,Baphomet,81,15000000,0,71500,28600,4,8000,8000,10,60,100,500,200,200,600,100,15,15,2,6,67,0x37B5,150,250,450,350,53625,,,,,,,1530,200,675,200,2410,200,2630,200,969,2000,27022,14,27017,20,19006,1,19002,8,4147,20
2592,cx3,死灵★★,Doppelganger,72,15000000,0,71500,28600,4,00000,00000,10,60,100,500,200,200,600,100,15,15,1,6,67,0x37B5,150,250,450,350,25740,,,,,,,1530,200,675,200,2410,200,2630,200,969,2000,27023,14,27017,20,19006,1,19002,8,4142,20
2593,cx4,蜂后★★,Mistress,74,15000000,0,71500,28600,4,8000,8000,10,60,100,500,200,200,600,100,15,15,0,4,84,0x37B5,150,250,450,350,19662,,,,,,,1530,200,675,200,2410,200,2630,200,969,2000,27024,14,27017,20,19006,1,19002,8,4132,20
2594,cx5,黄金虫★★,Golden Thief Bug,99,15000000,0,71500,28600,4,8000,8000,10,60,100,500,200,200,600,100,15,15,2,4,43,0x11AB,150,250,450,350,7150,,,,,,,1530,200,675,200,2410,200,2630,200,969,2000,27025,14,27017,20,19006,1,19002,8,4128,1
2595,cx6,海盗之王★★,Drake,70,15000000,0,71500,28600,4,8000,8000,10,60,100,500,200,200,600,100,15,15,1,1,29,0x37B5,150,250,450,350,14300,,,,,,,1530,200,675,200,2410,200,2630,200,969,2000,27020,14,27017,20,19006,1,19002,8,4137,20
2596,cx7,虎王★★,Eddga,65,15000000,0,71500,28600,4,8000,8000,10,60,100,500,200,200,600,100,15,15,2,2,23,0x37B5,150,250,450,350,12512,,,,,,,1530,200,675,200,2410,200,2630,200,969,2000,27022,14,27017,20,19006,1,19002,8,4123,20
2597,cx8,幽灵波利★★,Ghostring,99,15000000,0,71500,28600,4,8000,8000,10,60,100,500,200,200,600,100,15,15,1,6,80,0x37B5,150,250,450,350,0,,,,,,,1530,200,675,200,2410,200,2630,200,969,2000,27023,14,27017,20,19006,1,19002,8,4047,1
2598,cx9,蚁后★★,Maya,81,15000000,0,71500,28600,4,8000,8000,10,60,100,500,200,200,600,100,15,15,2,4,82,0x37B5,150,250,450,350,21600,,,,,,,1530,200,675,200,2410,200,2630,200,969,2000,27024,14,27017,20,19006,1,19002,8,4146,20
2599,cx10,月夜猫★★,Moonlight,67,15000000,0,71500,28600,4,8000,8000,10,60,100,500,200,200,600,100,15,15,1,6,63,0x37B5,150,250,450,350,13750,,,,,,,1530,200,675,200,2410,200,2630,200,969,2000,27025,14,27017,20,19006,1,19002,8,4131,20
2600,cx11,法老王★★,Pharaoh,93,15000000,0,71500,28600,4,8000,8000,10,60,100,500,200,200,600,100,15,15,2,9,67,0x37B5,150,250,450,350,57495,,,,,,,1530,200,675,200,2410,200,2630,200,969,2000,27020,14,27017,20,19006,1,19002,8,4148,20
2601,cx12,皮里恩★★,Phreeoni,69,15000000,0,71500,28600,4,8000,8000,10,60,100,500,200,200,600,100,15,15,2,2,60,0x37B5,150,250,450,350,16087,,,,,,,1530,200,675,200,2410,200,2630,200,969,2000,27022,14,27017,20,19006,1,19002,8,4121,20
2602,cx13,兽人酋长★★,Orc Lord,74,15000000,0,71500,28600,4,8000,8000,10,60,100,500,200,200,600,100,15,15,2,7,82,0x37B5,150,250,450,350,31102,,,,,,,1530,200,675,200,2410,200,2630,200,969,2000,27023,14,27017,20,19006,1,19002,8,4135,20
2603,cx14,冰暴骑士★★,Stormy,77,15000000,0,71500,28600,4,8000,8000,10,60,100,500,200,200,600,100,15,15,2,0,84,0x37B5,150,250,450,350,32175,,,,,,,1530,200,675,200,2410,200,2630,200,969,2000,27024,14,27017,20,19006,1,19002,8,4318,20
2604,cx15,卡仑★★,Garm,73,15000000,0,71500,28600,4,8000,8000,10,60,100,500,200,200,600,100,15,15,2,2,81,0x37B5,150,250,450,350,25025,,,,,,,1530,200,675,200,2410,200,2630,200,969,2000,27025,14,27017,20,19006,1,19002,8,4324,20
2605,cx16,黑暗之王★★,Dark Lord,80,15000000,0,71500,28600,4,8000,8000,10,60,100,500,200,200,600,100,15,15,2,6,89,0x37B5,150,250,450,350,32890,,,,,,,1530,200,675,200,2410,200,2630,200,969,2000,27020,14,27017,20,19006,1,19002,8,4168,20
2606,cx17,乌龟将军★★,Turtle,97,15000000,0,71500,28600,4,8000,8000,10,60,100,500,200,200,600,100,15,15,2,2,42,0x37B5,150,250,450,350,9101,,,,,,,1530,200,675,200,2410,200,2630,200,969,2000,27022,14,27017,20,19006,1,19002,8,4305,20
2607,cx18,死灵骑士★★,Lord of the,94,15000000,0,71500,28600,4,8000,8000,10,60,100,500,200,200,600,100,15,15,2,6,67,0x37B5,150,250,450,350,65671,,,,,,,1530,200,675,200,2410,200,2630,200,969,2000,27023,14,27017,20,19006,1,19002,8,,
2608,cx19,天使波利★★,Angeling,20,15000000,0,71500,28600,4,8000,8000,10,60,100,500,200,200,600,100,15,15,1,8,80,0x37B5,150,250,450,350,32890,,,,,,,1530,200,675,200,2410,200,2630,200,969,2000,27024,14,27017,20,19006,1,19002,8,4054,20
2609,cx20,德古拉男爵★★,Dracula,85,15000000,0,71500,28600,4,8000,8000,10,60,100,500,200,200,600,100,15,15,2,6,80,0x37B5,150,250,450,350,60078,,,,,,,1530,200,675,200,2410,200,2630,200,969,2000,27025,14,27017,20,19006,1,19002,8,4134,20
2610,cx21,墨蛇君★★,Evil Snake,73,15000000,0,71500,28600,4,8000,8000,10,60,100,500,200,200,600,100,15,15,2,2,80,0x37B5,150,250,450,350,17144,,,,,,,1530,200,675,200,2410,200,2630,200,969,2000,27020,14,27017,20,19006,1,19002,8,4330,20
2611,cx22,元灵武士★★,Samurai,71,15000000,0,71500,28600,4,8000,8000,10,60,100,500,200,200,600,100,15,15,2,9,67,0x37B5,150,250,450,350,16547,,,,,,,1530,200,675,200,2410,200,2630,200,969,2000,27022,14,27017,20,19006,1,19002,8,4263,1
2612,cx23,古埃及王★★,Amon Ra,88,15000000,0,71500,28600,4,8000,8000,10,60,100,500,200,200,600,100,15,15,2,7,62,0x1A4,150,250,450,350,43632,,,,,,,1530,200,675,200,2410,200,2630,200,969,2000,27023,14,27017,20,19006,1,19002,8,4236,20
2613,cx24,塔奥群卡★★,Tao Gunka,99,15000000,0,71500,28600,4,8000,8000,10,60,100,500,200,200,600,100,15,15,2,6,60,0x37B5,150,250,450,350,29587,,,,,,,1530,200,675,200,2410,200,2630,200,969,2000,27024,14,27017,20,19006,1,19002,8,4302,1
2614,cx25,RSX-0806★★,RSX-0806,86,15000000,0,71500,28600,4,8000,8000,10,60,100,500,200,200,600,100,15,15,2,0,60,0x37B5,150,250,450,350,15505,,,,,,,1530,200,675,200,2410,200,2630,200,969,2000,27025,14,27017,20,19006,1,19002,8,4342,20
2615,cx26,嗒妮小姐★★,Lady Tanee,89,15000000,0,71500,28600,4,8000,8000,10,60,100,500,200,200,600,100,15,15,2,3,64,0x1A4,150,250,450,350,32497,,,,,,,1530,200,675,200,2410,200,2630,200,969,2000,27020,14,27017,20,19006,1,19002,8,4376,20
2616,cx27,迪塔勒泰晤勒斯★★,Detar,90,15000000,0,71500,28600,4,8000,8000,10,60,100,500,200,200,600,100,15,15,2,9,67,0x37B5,150,250,450,350,145925,,,,,,,1530,200,675,200,2410,200,2630,200,969,2000,27022,14,27017,20,19006,1,19002,8,4386,20
2617,cx28,堕落的大神官★★,Fallen,99,15000000,0,71500,28600,4,8000,8000,10,60,100,500,200,200,600,100,15,15,1,6,47,0x37B5,150,250,450,350,555555,,,,,,,1530,200,675,200,2410,200,2630,200,969,2000,27023,14,27017,20,19006,1,19002,8,4441,1
2618,cx29,巴基力 兰特克力斯★★,Valkyrie,99,15000000,0,71500,28600,4,8000,8000,10,60,100,500,200,200,600,100,15,15,2,8,80,0x37B5,150,250,450,350,0,,,,,,,1530,200,675,200,2410,200,2630,200,969,2000,27024,14,27017,20,19006,1,19002,8,4407,1
2619,cx31,恶魔波利★★,Deviling,31,15000000,0,71500,28600,4,8000,8000,10,60,100,500,200,200,600,100,15,15,1,6,80,0x37B5,150,250,450,350,0,,,,,,,1530,200,675,200,2410,200,2630,200,969,2000,27025,14,27017,20,19006,1,19002,8,4174,20
2620,cx32,兽人英雄★★,Orc Hero,77,15000000,0,71500,28600,4,8000,8000,10,60,100,500,200,200,600,100,15,15,2,7,42,0x37B5,150,250,450,350,29315,,,,,,,1530,200,675,200,2410,200,2630,200,969,2000,27020,14,27017,20,19006,1,19002,8,4143,20
2621,cx33,贝思波★★,Vesper,97,15000000,0,71500,28600,4,8000,8000,10,60,100,500,200,200,600,100,15,15,2,2,80,0x37B5,150,250,450,350,100000,,,,,,,1530,200,675,200,2410,200,2630,200,969,2000,27022,14,27017,20,19006,1,19002,8,4374,20
2622,cx34,圣天使波利★★,Arc Angeling,60,15000000,0,71500,28600,4,8000,8000,10,60,100,500,200,200,600,100,15,15,1,8,80,0x37B5,150,250,450,350,0,,,,,,,1530,200,675,200,2410,200,2630,200,969,2000,27023,14,27017,20,19006,1,19002,8,4241,20
2623,cx25,白素贞★★,Osiris,78,15000000,0,71500,28600,1,10000,10000,10,60,100,500,200,200,600,100,10,12,1,1,89,0x37B5,150,200,450,350,35750,,,,,,,1530,200,675,200,2410,200,2630,200,969,2000,,,27017,20,19006,1,19002,8,4372,20
2624,cx36,阿特罗斯★★,Osiris,78,15000000,0,71500,28600,1,10000,10000,10,60,100,500,200,200,600,100,10,12,1,1,89,0x37B5,150,200,450,350,35750,,,,,,,1530,200,675,200,2410,200,2630,200,969,2000,,,27017,20,19006,1,19002,8,4425,20
2625,cx37,●剑士 赛尼亚★★,Osiris,78,15000000,0,71500,28600,1,13000,13000,10,60,100,600,200,200,600,100,10,12,1,1,89,0x37B5,150,200,450,350,35750,,,,,,,1530,200,675,200,2410,200,2630,200,969,2000,,,27017,20,19006,1,19002,8,4352,1
//究极
2490,dx1,俄塞里斯★★★,Osiris,78,30000000,0,71500,28600,4,18000,18000,10,80,100,700,200,500,800,100,15,15,1,1,89,0x37B5,150,200,450,350,35750,,,,,,,1530,200,675,200,2410,200,2630,200,969,2000,27001,14,27008,20,19007,1,19003,8,4144,20
2491,dx2,巴风特★★★,Baphomet,81,30000000,0,71500,28600,4,18000,18000,10,80,100,700,200,500,800,100,15,15,2,6,67,0x37B5,150,250,450,350,53625,,,,,,,1530,200,675,200,2410,200,2630,200,969,2000,27003,14,27008,20,19007,1,19003,8,4147,20
2492,dx3,死灵★★★,Doppelganger,72,30000000,0,71500,28600,4,18000,18000,10,80,100,700,200,500,800,100,15,15,1,6,67,0x37B5,150,250,450,350,25740,,,,,,,1530,200,675,200,2410,200,2630,200,969,2000,27004,14,27008,20,19007,1,19003,8,4142,20
2493,dx4,蜂后★★★,Mistress,74,30000000,0,71500,28600,4,18000,18000,10,80,100,700,200,500,800,100,15,15,0,4,84,0x37B5,150,250,450,350,19662,,,,,,,1530,200,675,200,2410,200,2630,200,969,2000,27005,14,27008,20,19007,1,19003,8,4132,20
2494,dx5,黄金虫★★★,Golden Thief,99,30000000,0,71500,28600,4,18000,18000,10,80,100,700,200,500,800,100,15,15,2,4,43,0x11AB,150,250,450,350,7150,,,,,,,1530,200,675,200,2410,200,2630,200,969,2000,27006,14,27008,20,19007,1,19003,8,4128,1
2495,dx6,海盗之王★★★,Drake,70,30000000,0,71500,28600,4,18000,18000,10,80,100,700,200,500,800,100,15,15,1,1,29,0x37B5,150,250,450,350,14300,,,,,,,1530,200,675,200,2410,200,2630,200,969,2000,27001,14,27008,20,19007,1,19003,8,4137,20
2496,dx7,虎王★★★,Eddga,65,30000000,0,71500,28600,4,18000,18000,10,80,100,700,200,500,800,100,15,15,2,2,23,0x37B5,150,250,450,350,12512,,,,,,,1530,200,675,200,2410,200,2630,200,969,2000,27003,14,27008,20,19007,1,19003,8,4123,20
2497,dx8,幽灵波利★★★,Ghostring,99,30000000,0,71500,28600,4,18000,18000,10,80,100,700,200,500,800,100,15,15,1,6,80,0x37B5,150,250,450,350,0,,,,,,,1530,200,675,200,2410,200,2630,200,969,2000,27004,14,27008,20,19007,1,19003,8,4047,1
2498,dx9,蚁后★★★,Maya,81,30000000,0,71500,28600,4,18000,18000,10,80,100,700,200,500,800,100,15,15,2,4,82,0x37B5,150,250,450,350,21450,,,,,,,1530,200,675,200,2410,200,2630,200,969,2000,27005,14,27008,20,19007,1,19003,8,4146,20
2499,dx10,月夜猫★★★,Moonlight,67,30000000,0,71500,28600,4,18000,18000,10,80,100,700,200,500,800,100,15,15,1,6,63,0x37B5,150,250,450,350,13750,,,,,,,1530,200,675,200,2410,200,2630,200,969,2000,27006,14,27008,20,19007,1,19003,8,4131,20
2500,dx11,法老王★★★,Pharaoh,93,30000000,0,71500,28600,4,18000,18000,10,80,100,700,200,500,800,100,15,15,2,9,67,0x37B5,150,250,450,350,57495,,,,,,,1530,200,675,200,2410,200,2630,200,969,2000,27001,14,27008,20,19007,1,19003,8,4148,20
2501,dx12,皮里恩★★★,Phreeoni,69,30000000,0,71500,28600,4,18000,18000,10,80,100,700,200,500,800,100,15,15,2,2,60,0x37B5,150,250,450,350,16087,,,,,,,1530,200,675,200,2410,200,2630,200,969,2000,27003,14,27008,20,19007,1,19003,8,4121,20
2502,dx13,兽人酋长★★★,Orc Lord,74,30000000,0,71500,28600,4,18000,18000,10,80,100,700,200,500,800,100,15,15,2,7,82,0x37B5,150,250,450,350,31102,,,,,,,1530,200,675,200,2410,200,2630,200,969,2000,27004,14,27008,20,19007,1,19003,8,4135,20
2503,dx14,冰暴骑士★★★,Stormy,77,30000000,0,71500,28600,4,18000,18000,10,80,100,700,200,500,800,100,15,15,2,0,84,0x37B5,150,250,450,350,32175,,,,,,,1530,200,675,200,2410,200,2630,200,969,2000,27005,14,27008,20,19007,1,19003,8,4318,20
2504,dx15,卡仑★★★,Garm,73,30000000,0,71500,28600,4,18000,18000,10,80,100,700,200,500,800,100,15,15,2,2,81,0x37B5,150,250,450,350,25025,,,,,,,1530,200,675,200,2410,200,2630,200,969,2000,27006,14,27008,20,19007,1,19003,8,4324,20
2505,dx16,黑暗之王★★★,Dark,80,30000000,0,71500,28600,4,18000,18000,10,80,100,700,200,500,800,100,15,15,2,6,89,0x37B5,150,250,450,350,32890,,,,,,,1530,200,675,200,2410,200,2630,200,969,2000,27001,14,27008,20,19007,1,19003,8,4168,20
2506,dx17,乌龟将军★★★,Turtle,97,30000000,0,71500,28600,4,18000,18000,10,80,100,700,200,500,800,100,15,15,2,2,42,0x37B5,150,250,450,350,9101,,,,,,,1530,200,675,200,2410,200,2630,200,969,2000,27003,14,27008,20,19007,1,19003,8,4305,20
2507,dx18,死灵骑士★★★,Lord,94,30000000,0,71500,28600,4,18000,18000,10,80,100,700,200,500,800,100,15,15,2,6,67,0x37B5,150,250,450,350,65671,,,,,,,1530,200,675,200,2410,200,2630,200,969,2000,27004,14,27008,20,19007,1,19003,8,,
2508,dx19,天使波利★★★,Angeling,20,30000000,0,71500,28600,4,18000,18000,10,80,100,700,200,500,800,100,15,15,1,8,80,0x37B5,150,250,450,350,32890,,,,,,,1530,200,675,200,2410,200,2630,200,969,2000,27005,14,27008,20,19007,1,19003,8,4054,20
2509,dx20,德古拉男爵★★★,D,85,30000000,0,71500,28600,4,18000,18000,10,80,100,700,200,500,800,100,15,15,2,6,80,0x37B5,150,250,450,350,60078,,,,,,,1530,200,675,200,2410,200,2630,200,969,2000,27006,14,27008,20,19007,1,19003,8,4134,20
2510,dx21,墨蛇君★★★,Evil Snake,73,30000000,0,71500,28600,4,18000,18000,10,80,100,700,200,500,800,100,15,15,2,2,80,0x37B5,150,250,450,350,17144,,,,,,,1530,200,675,200,2410,200,2630,200,969,2000,27001,14,27008,20,19007,1,19003,8,4330,20
2511,dx22,元灵武士★★★,Samurai,71,30000000,0,71500,28600,4,18000,18000,10,80,100,700,200,500,800,100,15,15,2,9,67,0x37B5,150,250,450,350,16547,,,,,,,1530,200,675,200,2410,200,2630,200,969,2000,27003,14,27008,20,19007,1,19003,8,4263,1
2512,dx23,古埃及王★★★,Amon Ra,88,30000000,0,71500,28600,4,18000,18000,10,80,100,700,200,500,800,100,15,15,2,7,62,0x1A4,150,250,450,350,43632,,,,,,,1530,200,675,200,2410,200,2630,200,969,2000,27004,14,27008,20,19007,1,19003,8,4236,20
2513,dx24,塔奥群卡★★★,Tao Gunka,99,30000000,0,71500,28600,4,18000,18000,10,80,100,700,200,500,800,100,15,15,2,6,60,0x37B5,150,250,450,350,29587,,,,,,,1530,200,675,200,2410,200,2630,200,969,2000,27005,14,27008,20,19007,1,19003,8,4302,1
2514,dx25,RSX-0806★★★,RSX-0806,86,30000000,0,71500,28600,4,18000,18000,10,80,100,700,200,500,800,100,15,15,2,0,60,0x37B5,150,250,450,350,15505,,,,,,,1530,200,675,200,2410,200,2630,200,969,2000,27006,14,27008,20,19007,1,19003,8,4342,20
2515,dx26,嗒妮小姐★★★,Lady,89,30000000,0,71500,28600,4,18000,18000,10,80,100,700,200,500,800,100,15,15,2,3,64,0x1A4,150,250,450,350,32497,,,,,,,1530,200,675,200,2410,200,2630,200,969,2000,27001,14,27008,20,19007,1,19003,8,4376,20
2516,dx27,迪塔勒泰晤勒★★,Detar,90,30000000,0,71500,28600,4,18000,18000,10,80,100,700,200,500,800,100,15,15,2,9,67,0x37B5,150,250,450,350,145925,,,,,,,1530,200,675,200,2410,200,2630,200,969,2000,27003,14,27008,20,19007,1,19003,8,4386,20
2517,dx28,堕落大神官★★★,Fallen,99,30000000,0,71500,28600,4,18000,18000,10,80,100,700,200,500,800,100,15,15,1,6,47,0x37B5,150,250,450,350,555555,,,,,,,1530,200,675,200,2410,200,2630,200,969,2000,27004,14,27008,20,19007,1,19003,8,4441,1
2518,dx29,兰特克力斯★★★,Valkyrie,99,30000000,0,71500,28600,4,18000,18000,10,80,100,700,200,500,800,100,15,15,2,8,80,0x37B5,150,250,450,350,0,,,,,,,1530,200,675,200,2410,200,2630,200,969,2000,27005,14,27008,20,19007,1,19003,8,4407,1
2519,dx31,恶魔波利★★★,Deviling,31,30000000,0,71500,28600,4,18000,18000,10,80,100,700,200,500,800,100,15,15,1,6,80,0x37B5,150,250,450,350,0,,,,,,,1530,200,675,200,2410,200,2630,200,969,2000,27006,14,27008,20,19007,1,19003,8,4174,20
2520,dx32,兽人英雄★★★,Orc Hero,77,30000000,0,71500,28600,4,18000,18000,10,80,100,700,200,500,800,100,15,15,2,7,42,0x37B5,150,250,450,350,29315,,,,,,,1530,200,675,200,2410,200,2630,200,969,2000,27001,14,27008,20,19007,1,19003,8,4143,20
2521,dx33,贝思波★★★,Vesper,97,30000000,0,71500,28600,4,18000,18000,10,80,100,700,200,500,800,100,15,15,2,2,80,0x37B5,150,250,450,350,100000,,,,,,,1530,200,675,200,2410,200,2630,200,969,2000,27003,14,27008,20,19007,1,19003,8,4374,20
2522,dx34,圣天使波利★★★,Arc Angeling,60,30000000,0,71500,28600,4,18000,18000,10,80,100,700,200,500,800,100,15,15,1,8,80,0x37B5,150,250,450,350,0,,,,,,,1530,200,675,200,2410,200,2630,200,969,2000,27004,14,27008,20,19007,1,19003,8,4241,20
2523,dx35,白素贞★★★,Osiris,78,30000000,0,71500,28600,4,18000,18000,10,80,100,700,200,500,800,100,15,15,1,1,89,0x37B5,150,200,450,350,35750,,,,,,,1530,200,675,200,2410,200,2630,200,969,2000,,,27008,20,19007,1,19003,8,4372,20
2524,dx36,阿特罗斯★★★,Osiris,78,30000000,0,71500,28600,4,18000,18000,10,80,100,700,200,500,800,100,15,15,1,1,89,0x37B5,150,200,450,350,35750,,,,,,,1530,200,675,200,2410,200,2630,200,969,2000,,,27008,20,19007,1,19003,8,4425,20
2525,dx37,●剑士 赛尼亚★★★,Osiris,78,30000000,0,71500,28600,4,20000,20000,10,80,100,700,200,500,800,100,15,15,1,1,89,0x37B5,150,200,450,350,35750,,,,,,,1530,200,675,200,2410,200,2630,200,969,2000,,,27008,20,19007,1,19003,8,4352,1
//稀有
3701,xy1,●骑士领主 赛依连,Lord Knight Seyren,99,15000000,0,71500,28600,4,4000,4000,10,80,100,600,200,300,800,100,10,12,1,7,83,0x37B5,100,76,384,288,2417800,,,,,,,18113,2000,19006,7,19005,8,,,,,,,19100,1,19001,5,19002,5,4357,1
3702,xy2,●十字刺客 艾勒梅斯,Assassin Cross Eremes,99,15000000,0,71500,28600,4,4000,4000,10,80,100,600,200,300,800,100,10,12,1,7,85,0x37B5,100,76,384,288,2041700,,,,,,,18113,2000,19006,7,19005,8,,,,,,,19101,1,19001,5,19002,5,4359,1
3703,xy3,●神工匠 哈沃得,Whitesmith Howard,99,15000000,0,71500,28600,4,4000,4000,10,80,100,600,200,300,800,100,10,12,1,7,82,0x37B5,100,76,384,288,2001170,,,,,,,18113,2000,19006,7,19005,8,,,,,,,19102,1,19001,5,19002,5,4361,1
3704,xy4,●神官 玛嘉雷特,High Priest Margaretha,99,15000000,0,71500,28600,4,4000,4000,10,80,100,600,200,300,800,100,10,12,1,7,80,0x37B5,125,1152,384,288,2128500,,,,,,,18113,2000,19006,7,19005,8,,,,,,,19104,1,19001,5,19002,5,4363,1
3705,xy5,●神射手 迪文,Sniper Cecil,99,15000000,0,71500,28600,14,4000,4000,10,80,100,600,200,300,800,100,10,12,1,7,84,0x37B5,100,76,384,288,2046500,,,,,,,18113,2000,19006,7,19005,8,,,,,,,19105,1,19001,5,19002,5,4367,1
3706,xy6,●超魔导师 凯特莉娜,High Wizard Kathryne,99,15000000,0,71500,28600,4,4000,4000,10,80,100,600,200,300,800,100,10,12,1,7,68,0x37B5,150,1152,384,288,2004100,,,,,,,18113,2000,19006,7,19005,8,,,,,,,19106,1,19001,5,19002,5,4365,1
3707,xy7,寒冰龙,Ktullanux,99,15000000,0,71500,28600,4,4000,4000,10,80,100,600,200,300,800,100,10,12,2,2,81,0x37B5,400,212,384,216,1360025,,,,,,,18113,2000,19006,7,19005,8,,,,,,,19107,1,19001,5,19002,5,4419,1
3708,xy8,影魔,Gloom Under Night,99,15000000,0,71500,28600,4,5000,5000,10,80,100,600,200,300,800,100,10,12,2,0,68,0x37B5,200,212,384,576,481087,,,,,,,18113,2000,19006,7,19005,8,,,,,,,19108,1,19001,5,19002,5,4408,1
3709,xy9,伊夫利特,Ifrit,99,15000000,0,71500,28600,4,5000,5000,10,80,100,600,200,300,800,100,10,12,2,0,83,0x37B5,130,212,384,360,1577160,,,,,,,18113,2000,19006,7,19005,8,,,,,,,19109,1,19001,5,19002,5,4430,1
3710,xy10,基尔 D-01,Kiel D-01,99,15000000,0,71500,28600,4,5000,5000,10,80,100,600,200,300,800,100,10,12,1,0,47,0x37B5,130,212,384,432,1178100,,,,,,,18113,2000,19006,7,19005,8,,,,,,,19110,1,19001,5,19002,5,4403,1
3711,xy11,魔剑士 达纳托斯的记忆,Memory of Thanatos,99,15000000,0,71500,28600,4,5000,5000,10,80,100,600,200,300,800,100,10,12,2,6,88,0x37B5,120,212,384,504,1833000,,,,,,,18113,2000,19006,7,19005,8,,,,,,,19111,1,19001,5,19002,5,4399,1
3712,xy12,贝雷杰,Beelzebub,99,15000000,0,6666666,6666666,2,5000,5000,10,80,100,600,200,300,800,100,10,12,2,6,88,0x37B5,100,212,504,432,3333333,,,,,,,18113,2000,19006,7,19005,8,,,,,,,19113,1,19001,5,19002,5,4145,1
3713,xy13,魔王 梦罗克,Satan Morroc,99,15000000,0,6700000,4500000,2,32000,32000,29,65,140,600,200,300,800,100,10,12,2,6,80,0x37B5,100,76,540,432,3333333,,,,,,,18113,2000,19006,7,19005,8,,,,,,,11125,1,19001,5,19002,5,9508,1

2536,fp20,反叛军天师,Poring,1,2100000000,0,2,1,1,7,10,0,5,1,1,1,0,6,30,10,12,1,3,21,0x83,100,1872,672,480,0,0,0,0,0,0,0,909,7000,1202,100,938,400,512,1000,713,1500,512,150,619,20,0,0,0,0,4001,1
//宠物
2537,cw1,小火龙I阶,Poring,1,10,0,2,1,1,7,10,0,5,1,1,1,0,6,30,10,12,1,3,23,0x83,400,1872,672,480,0,0,0,0,0,0,0,0,0,0,0,0,0,0,0,0,0,0,0,18124,5,617,1000,969,1000,0,0
2538,cw2,小火龙II阶,Poring,1,15,0,2,1,1,7,10,0,5,1,1,1,0,6,30,10,12,1,3,23,0x83,400,1872,672,480,0,0,0,0,0,0,0,0,0,0,0,0,0,0,0,0,0,0,0,18124,5,617,1000,969,1000,0,0
2539,cw3,小火龙III阶,Poring,1,20,0,2,1,1,7,10,0,5,1,1,1,0,6,30,10,12,1,3,23,0x83,400,1872,672,480,0,0,0,0,0,0,0,0,0,0,0,0,0,0,0,0,0,0,0,18124,5,617,1000,969,1000,0,0
2540,cw4,火恐龙I阶,Poring,1,25,0,2,1,1,7,10,0,5,1,1,1,0,6,30,10,12,1,3,23,0x83,400,1872,672,480,0,0,0,0,0,0,0,0,0,0,0,0,0,0,0,0,0,0,0,18125,2,617,1000,969,1000,0,0
2541,cw5,火恐龙II阶,Poring,1,30,0,2,1,1,7,10,0,5,1,1,1,0,6,30,10,12,1,3,23,0x83,400,1872,672,480,0,0,0,0,0,0,0,0,0,0,0,0,0,0,0,0,0,0,0,18125,2,617,1000,969,1000,0,0
2542,cw6,火恐龙III阶,Poring,1,35,0,2,1,1,7,10,0,5,1,1,1,0,6,30,10,12,1,3,23,0x83,400,1872,672,480,0,0,0,0,0,0,0,0,0,0,0,0,0,0,0,0,0,0,0,18125,2,617,1000,969,1000,0,0
2543,cw7,喷火龙I阶,Poring,1,40,0,2,1,1,7,10,0,5,1,1,1,0,6,30,10,12,1,3,21,0x83,400,1872,672,480,0,0,0,0,0,0,0,909,7000,1202,100,938,400,512,1000,713,1500,512,150,619,20,0,0,0,0,4001,1
2544,cw8,喷火龙II阶,Poring,1,45,0,2,1,1,7,10,0,5,1,1,1,0,6,30,10,12,1,3,21,0x83,400,1872,672,480,0,0,0,0,0,0,0,909,7000,27521,10000,938,400,512,1000,713,1500,512,150,619,20,0,0,0,0,4001,1
2545,cw9,喷火龙III阶,Poring,1,50000000,0,2,1,1,7,10,0,5,1,1,200,0,6,30,10,12,1,3,23,0x83,400,1872,672,480,0,0,0,0,0,0,0,0,0,0,0,0,0,0,0,0,0,18124,10000,18126,140,617,1000,969,1000,0,0
2546,cw10,妙蛙种子I阶,Poring,1,10,0,2,1,1,7,10,0,5,1,1,1,0,6,30,10,12,1,3,22,0x83,400,1872,672,480,0,0,0,0,0,0,0,0,0,0,0,0,0,0,0,0,0,0,0,18124,5,617,1000,969,1000,0,0
2547,cw11,妙蛙种子II阶,Poring,1,15,0,2,1,1,7,10,0,5,1,1,1,0,6,30,10,12,1,3,22,0x83,400,1872,672,480,0,0,0,0,0,0,0,0,0,0,0,0,0,0,0,0,0,0,0,18124,5,617,1000,969,1000,0,0
2548,cw12,妙蛙种子III阶,Poring,1,20,0,2,1,1,7,10,0,5,1,1,1,0,6,30,10,12,1,3,22,0x83,400,1872,672,480,0,0,0,0,0,0,0,0,0,0,0,0,0,0,0,0,0,0,0,18124,5,617,1000,969,1000,0,0
2549,cw13,妙蛙草I阶,Poring,1,25,0,2,1,1,7,10,0,5,1,1,1,0,6,30,10,12,1,3,22,0x83,400,1872,672,480,0,0,0,0,0,0,0,0,0,0,0,0,0,0,0,0,0,0,0,18125,2,617,1000,969,1000,0,0
2550,cw14,妙蛙草II阶,Poring,1,30,0,2,1,1,7,10,0,5,1,1,1,0,6,30,10,12,1,3,22,0x83,400,1872,672,480,0,0,0,0,0,0,0,0,0,0,0,0,0,0,0,0,0,0,0,18125,2,617,1000,969,1000,0,0
2551,cw15,妙蛙草III阶,Poring,1,35,0,2,1,1,7,10,0,5,1,1,1,0,6,30,10,12,1,3,22,0x83,400,1872,672,480,0,0,0,0,0,0,0,0,0,0,0,0,0,0,0,0,0,0,0,18125,2,617,1000,969,1000,0,0
2552,cw16,妙蛙花I阶,Poring,1,50,0,2,1,1,7,10,0,5,1,1,1,0,6,30,10,12,1,3,21,0x83,400,1872,672,480,0,0,0,0,0,0,0,909,7000,1202,100,938,400,512,1000,713,1500,512,150,619,20,0,0,0,0,4001,1
2553,cw17,妙蛙花II阶,Poring,1,50,0,2,1,1,7,10,0,5,1,1,1,0,6,30,10,12,1,3,21,0x83,400,1872,672,480,0,0,0,0,0,0,0,909,7000,1202,100,938,400,512,1000,713,1500,512,150,619,20,0,0,0,0,4001,1
2554,cw18,妙蛙花III阶,Poring,1,50000000,0,2,1,1,7,10,0,5,1,1,200,0,6,30,10,12,1,3,22,0x83,400,1872,672,480,0,0,0,0,0,0,0,0,0,0,0,0,0,0,0,0,0,18124,10000,18126,140,617,1000,969,1000,0,0
2555,cw19,杰尼龟I阶,Poring,1,10,0,2,1,1,7,10,0,5,1,1,1,0,6,30,10,12,1,3,21,0x83,400,1872,672,480,0,0,0,0,0,0,0,0,0,0,0,0,0,0,0,0,0,0,0,18124,5,617,1000,969,1000,0,0
2556,cw20,杰尼龟II阶,Poring,1,15,0,2,1,1,7,10,0,5,1,1,1,0,6,30,10,12,1,3,21,0x83,400,1872,672,480,0,0,0,0,0,0,0,0,0,0,0,0,0,0,0,0,0,0,0,18124,5,617,1000,969,1000,0,0
2557,cw21,杰尼龟III阶,Poring,1,20,0,2,1,1,7,10,0,5,1,1,1,0,6,30,10,12,1,3,21,0x83,400,1872,672,480,0,0,0,0,0,0,0,0,0,0,0,0,0,0,0,0,0,0,0,18124,5,617,1000,969,1000,0,0
2558,cw22,卡咪龟I阶,Poring,1,25,0,2,1,1,7,10,0,5,1,1,1,0,6,30,10,12,1,3,21,0x83,400,1872,672,480,0,0,0,0,0,0,0,0,0,0,0,0,0,0,0,0,0,0,0,18125,2,617,1000,969,1000,0,0
2559,cw23,卡咪龟II阶,Poring,1,30,0,2,1,1,7,10,0,5,1,1,1,0,6,30,10,12,1,3,21,0x83,400,1872,672,480,0,0,0,0,0,0,0,0,0,0,0,0,0,0,0,0,0,0,0,18125,2,617,1000,969,1000,0,0
2560,cw24,卡咪龟III阶,Poring,1,35,0,2,1,1,7,10,0,5,1,1,1,0,6,30,10,12,1,3,21,0x83,400,1872,672,480,0,0,0,0,0,0,0,0,0,0,0,0,0,0,0,0,0,0,0,18125,2,617,1000,969,1000,0,0
2561,cw25,水箭龟I阶,Poring,1,50,0,2,1,1,7,10,0,5,1,1,1,0,6,30,10,12,1,3,21,0x83,400,1872,672,480,0,0,0,0,0,0,0,909,7000,1202,100,938,400,512,1000,713,1500,512,150,619,20,0,0,0,0,4001,1
2562,cw26,水箭龟II阶,Poring,1,50,0,2,1,1,7,10,0,5,1,1,1,0,6,30,10,12,1,3,21,0x83,400,1872,672,480,0,0,0,0,0,0,0,909,7000,1202,100,938,400,512,1000,713,1500,512,150,619,20,0,0,0,0,4001,1
2563,cw27,水箭龟III阶,Poring,1,50000000,0,2,1,1,7,10,0,5,1,1,200,0,6,30,10,12,1,3,21,0x83,400,1872,672,480,0,0,0,0,0,0,0,0,0,0,0,0,0,0,0,0,0,18124,10000,18126,140,617,1000,969,1000,0,0
2564,cw28,可爱丽芙,Poring,14,2100000000,0,59,40,7,22,28,0,40,1,14,14,0,40,2,15,15,0,3,41,0x84,1000,2000,432,600,0,0,0,0,0,0,0,1011,25,962,5500,938,1500,971,20,525,5,517,700,0,0,0,0,0,0,4035,1
2565,cw29,火焰丽芙,Poring,14,2100000000,0,59,40,7,22,28,0,40,1,14,14,0,40,2,10,12,0,3,41,0x84,1000,2000,432,600,0,0,0,0,0,0,0,1011,25,962,5500,938,1500,971,20,525,5,517,700,0,0,0,0,0,0,4035,1
2566,cw30,艾咪斯可鲁,Porin,14,2100000000,0,59,40,7,22,28,0,40,1,14,14,0,40,2,10,12,0,3,41,0x84,1000,2000,432,600,0,0,0,0,0,0,0,1011,25,962,5500,938,1500,971,20,525,5,517,700,0,0,0,0,0,0,4035,1
2567,cw31,飞里乐,Poring,14,2100000000,0,59,40,7,22,28,0,40,1,14,14,0,40,2,10,12,0,3,41,0x84,1000,2000,432,600,0,0,0,0,0,0,0,1011,25,962,5500,938,1500,971,20,525,5,517,700,0,0,0,0,0,0,4035,1
2568,cw32,可爱猫女,Poring,14,2100000000,0,59,40,7,22,28,0,40,1,14,14,0,40,2,10,12,0,3,41,0x84,1000,2000,432,600,0,0,0,0,0,0,0,1011,25,962,5500,938,1500,971,20,525,5,517,700,0,0,0,0,0,0,4035,1
2569,cw33,帅气史密斯,14,14,2100000000,0,59,40,7,22,28,0,40,1,14,14,0,40,2,10,12,0,3,41,0x84,1000,2000,432,600,0,0,0,0,0,0,0,1011,25,962,5500,938,1500,971,20,525,5,517,700,0,0,0,0,0,0,4035,1
2570,cw34,国王波利,Poring,1,100000000,0,2,1,1,7,10,0,5,1,1,200,0,6,30,10,12,1,3,21,0x83,400,1872,672,480,0,0,0,0,0,0,0,0,0,0,0,0,0,0,0,0,0,18125,10000,18126,10000,617,1000,969,10000,18128,1
2571,cw35,万圣波利,Poring,1,70000000,0,2,1,1,7,10,0,5,1,1,200,0,6,30,10,12,1,3,21,0x83,400,1872,672,480,0,0,0,0,0,0,0,0,0,0,0,0,0,0,0,0,0,18125,10000,18126,140,617,1000,969,10000,0,0
2572,cw36,兔耳朵波利,Poring,14,2100000000,0,59,40,7,22,28,0,40,1,14,14,0,40,2,10,12,0,3,41,0x84,1000,2000,432,600,0,0,0,0,0,0,0,1011,25,962,5500,938,1500,971,20,525,5,517,700,0,0,0,0,0,0,4035,1
2573,cw37,轰炸机波利,Poring,14,2100000000,0,59,40,7,22,28,0,40,1,14,14,0,40,2,10,12,0,3,41,0x84,1000,2000,432,600,0,0,0,0,0,0,0,1011,25,962,5500,938,1500,971,20,525,5,517,700,0,0,0,0,0,0,4035,1
2574,cw38,可爱小青,Poring,14,2100000000,0,59,40,7,22,28,0,40,1,14,14,0,40,2,10,12,0,3,41,0x84,1000,2000,432,600,0,0,0,0,0,0,0,1011,25,962,5500,938,1500,971,20,525,5,517,700,0,0,0,0,0,0,4035,1
2575,cw39,新年娃娃,Poring,14,2100000000,0,59,40,7,22,28,0,40,1,14,14,0,40,2,10,12,0,3,41,0x84,1000,2000,432,600,0,0,0,0,0,0,0,1011,25,962,5500,938,1500,971,20,525,5,517,700,0,0,0,0,0,0,4035,1
2576,cw40,小雪怪,Poring,14,2100000000,0,59,40,7,22,28,0,40,1,14,14,0,40,2,10,12,0,3,41,0x84,1000,2000,432,600,0,0,0,0,0,0,0,1011,25,962,5500,938,1500,971,20,525,5,517,700,0,0,0,0,0,0,4035,1
2577,cw41,巧克猴,Poring,14,2100000000,0,59,40,7,22,28,0,40,1,14,14,0,40,2,10,12,0,3,41,0x84,1000,2000,432,600,0,0,0,0,0,0,0,1011,25,962,5500,938,1500,971,20,525,5,517,700,0,0,0,0,0,0,4035,1
2578,cw42,巴基力,Poring,14,2100000000,0,59,40,7,22,28,0,40,1,14,14,0,40,2,10,12,0,3,41,0x84,1000,2000,432,600,0,0,0,0,0,0,0,1011,25,962,5500,938,1500,971,20,525,5,517,700,0,0,0,0,0,0,4035,1
2579,cw43,巫妖少主,Poring,14,2100000000,0,59,40,7,22,28,0,40,1,14,14,0,40,2,10,12,0,3,41,0x84,1000,2000,432,600,0,0,0,0,0,0,0,1011,25,962,5500,938,1500,971,20,525,5,517,700,0,0,0,0,0,0,4035,1
2580,cw44,巫妖之王,Poring,14,2100000000,0,59,40,7,22,28,0,40,1,14,14,0,40,2,10,12,0,3,41,0x84,1000,2000,432,600,0,0,0,0,0,0,0,1011,25,962,5500,938,1500,971,20,525,5,517,700,0,0,0,0,0,0,4035,1
2581,cw45,国王波利,Poring,14,2100000000,0,59,40,7,22,28,0,40,1,14,14,0,40,2,10,12,0,3,41,0x84,1000,2000,432,600,0,0,0,0,0,0,0,1011,25,962,5500,938,1500,971,20,525,5,517,700,0,0,0,0,0,0,4035,1
2582,cw46,万圣波利,Poring,14,2100000000,0,59,40,7,22,28,0,40,1,14,14,0,40,2,10,12,0,3,41,0x84,1000,2000,432,600,0,0,0,0,0,0,0,1011,25,962,5500,938,1500,971,20,525,5,517,700,0,0,0,0,0,0,4035,1

2198,King_Dramoh,大脚龙虾,Dramoh,117,28800,0,7200,6600,1,1000,1500,480,22,1,50,10,70,100,50,10,12,2,5,41,0x37B5,100,430,430,250,0,0,0,0,0,0,0,943,7000,960,7000,995,500,7938,1000,13035,50,0,0,0,0,0,0,0,0,0,0
2201,Sropho,深海电鳗,sropho,113,24002,0,2480,6391,1,400,700,92,55,1,11,1,1,6,30,10,12,1,5,41,0x37B5,300,700,700,500,0,0,0,0,0,0,0,7938,100,951,7000,7013,700,1011,300,756,700,1971,100,1972,10,0,0,0,0,0,0
2202,Kraken,魔鬼大乌贼,kraken,124,5602800,9999,983332,961111,3,3500,4100,55,229,1,1,1,1,6,30,10,12,1,5,41,0x37B5,200,768,768,576,983332,617,5500,603,5000,616,3000,616,100,962,9000,7444,5000,1422,1000,1484,500,1131,300,2347,100,0,0,0,0,0,0
2203,POT_DOFLE,酱缸章鱼,DOFLE,115,25211,0,6390,2480,1,300,500,122,55,1,1,1,1,6,30,10,12,0,5,41,0x37B5,250,500,500,300,0,0,0,0,0,0,0,7013,5000,969,100,1056,1000,1024,5000,617,100,0,0,0,0,0,0,0,0,0,0
2204,SEDORA,赛杜拉,SEDORA,113,24002,0,3355,3149,1,300,400,44,91,1,1,1,1,6,30,10,12,0,5,41,0x37B5,250,190,190,110,0,0,0,0,0,0,0,1024,5000,962,5000,991,100,2424,1,0,0,0,0,0,0,0,0,0,0,0,0
2206,KRAKEN_LEG,魔鬼大乌贼脚,KRAKEN_LEG,124,39190,0,1300,1900,1,400,600,44,91,1,1,1,1,6,30,10,12,2,5,61,0x37B5,250,300,300,200,0,0,0,0,0,0,0,7565,10,0,0,0,0,0,0,0,0,0,0,0,0,0,0,0,0,0,0

//2583,custom31,八神庵,Diaochan,100,800000000,0,0,0,1,800000,800000,60,90,500,600,150,800,1200,300,10,12,1,4,80,0x37B5,100,150,350,1,10,,,,,,,,,,,2630,300,2410,300,1530,300,969,2000,969,2000,969,2000,969,2000,,
//2584,custom31,草S京,Diaochan,100,800000000,0,0,0,1,900000,900000,60,90,500,600,150,800,1200,300,10,12,1,4,80,0x37B5,100,150,350,1,10,,,,,,,,,,,2630,300,2410,300,1530,300,969,2000,969,2000,969,2000,969,2000,,
//2585,custom31,库拉,Diaochan,100,800000000,0,0,0,1,650000,650000,60,90,500,600,150,800,1200,300,10,12,1,4,80,0x37B5,100,150,350,1,10,,,,,,,,,,,2630,300,2410,300,1530,300,969,2000,969,2000,969,2000,969,2000,,
//2586,custom31,春丽,Diaochan,100,800000000,0,0,0,1,900000,900000,60,90,500,600,150,800,1200,300,10,12,1,4,80,0x37B5,100,150,350,1,10,,,,,,,,,,,2630,300,2410,300,1530,300,969,2000,969,2000,969,2000,969,2000,,
//2588,custom31,肯,Diaochan,100,2000000000,0,0,0,1,460000,460000,60,90,500,650,150,800,3000,300,10,12,1,4,80,0x37B5,100,150,350,1,10,,,,,,,,,671,100,2630,300,2410,300,1530,300,969,2000,969,2000,969,2000,969,2000,,
//2589,custom31,隆,Diaochan,100,2000000000,0,0,0,1,460000,460000,60,90,500,650,150,800,3000,300,10,12,1,4,80,0x37B5,100,150,350,1,10,,,,,,,,,671,100,2630,300,2410,300,1530,300,969,2000,969,2000,969,2000,969,2000,,
//2400,custom31,堕珑,Diaochan,100,2000000000,0,0,0,14,1200000,1200000,60,90,500,650,150,800,3000,300,10,12,1,4,80,0x37B5,100,150,350,1,10,,,,,,,,,671,100,2630,300,2410,300,1530,300,969,2000,969,2000,969,2000,969,2000,,
//2401,custom31,大蛇,Diaochan,100,2000000000,0,0,0,1,1000000,1000000,60,90,500,650,150,800,3000,300,10,12,1,4,80,0x37B5,100,150,350,1,10,,,,,,,,,671,100,2630,300,2410,300,1530,300,969,2000,969,2000,969,2000,969,2000,,
//2402,custom31,嘉神慎之助,Diaochan,100,2000000000,0,0,0,1,1200000,1200000,60,90,500,650,150,3800,3000,300,10,12,1,4,80,0x37B5,100,150,350,1,10,,,,,,,,,671,100,2630,300,2410,300,1530,300,969,2000,969,2000,969,2000,969,2000,,
//2403,custom31,伊格尼斯,Diaochan,100,2000000000,0,0,0,1,1200000,1200000,60,90,500,650,150,30000,3000,300,10,12,1,4,80,0x37B5,100,150,350,1,10,,,,,,,,,671,100,2630,300,2410,300,1530,300,969,2000,969,2000,969,2000,969,2000,,

//2416,PORING,大黄蜂,Poring,14,2100000000,0,59,40,7,22,28,0,40,1,14,14,0,40,2,10,12,0,3,41,0x84,1000,2000,432,600,0,0,0,0,0,0,0,1011,25,962,5500,938,1500,971,20,525,5,517,700,0,0,0,0,0,0,4035,1
2417,wk1,倭寇盗贼,Diaochan,100,30000000,0,0,0,1,250000,250000,60,90,500,500,150,800,700,300,10,12,1,4,80,0x37B5,100,150,350,1,10,,,,,,,,,675,10000,675,10000,,,,,,,,,,,,,,
2418,wk2,倭寇剑士,Diaochan,100,30000000,0,0,0,1,250000,250000,60,90,500,500,150,800,700,300,10,12,1,4,80,0x37B5,100,150,350,1,10,,,,,,,,,675,10000,675,10000,,,,,,,,,,,,,,
2419,wk3,倭寇法师,Diaochan,100,30000000,0,0,0,1,250000,250000,60,90,500,500,150,800,700,300,10,12,1,4,80,0x37B5,100,150,350,1,10,,,,,,,,,675,10000,675,10000,,,,,,,,,,,,,,
2420,wk4,倭寇弓箭手,Diaochan,100,30000000,0,0,0,10,250000,250000,60,90,500,500,150,800,700,300,10,12,1,4,80,0x37B5,100,150,350,1,10,,,,,,,,,675,10000,675,10000,,,,,,,,,,,,,,
2421,wk5,倭寇商人,Diaochan,100,30000000,0,0,0,1,250000,250000,60,90,500,500,150,800,700,300,10,12,1,4,80,0x37B5,100,150,350,1,10,,,,,,,,,675,10000,675,10000,,,,,,,,,,,,,,
2422,wk6,倭寇大盗贼,Diaochan,100,300000000,0,0,0,1,25000,25000,60,90,500,550,150,800,700,300,10,12,1,4,80,0x37B5,100,150,350,1,10,,,,,,,,,675,10000,675,10000,,,,,,,,,,,,,,
2423,wk7,倭寇大剑士,Diaochan,100,300000000,0,0,0,1,25000,25000,60,90,500,550,150,800,700,300,10,12,1,4,80,0x37B5,100,150,350,1,10,,,,,,,,,675,10000,675,10000,,,,,,,,,,,,,,
2424,wk8,倭寇大法师,Diaochan,100,300000000,0,0,0,1,25000,25000,60,90,500,550,150,800,700,300,10,12,1,4,80,0x37B5,100,150,350,1,10,,,,,,,,,675,10000,675,10000,,,,,,,,,,,,,,
2425,wk9,倭寇大弓手,Diaochan,100,300000000,0,0,0,10,25000,25000,60,90,500,550,150,800,700,300,10,12,1,4,80,0x37B5,100,150,350,1,10,,,,,,,,,675,10000,675,10000,,,,,,,,,,,,,
2587,custom31,刹那,Diaochan,100,1000000000,0,0,0,1,1000000,1000000,60,90,500,600,150,800,1200,300,10,12,1,4,80,0x37B5,100,150,350,1,10,,,,,,,,,671,100,2630,300,2410,300,1530,300,969,2000,969,2000,969,2000,969,2000,11126,1
//天界
2426,ex1,[天界]俄塞里斯,Osiris,78,150000000,0,71500,28600,4,200000,200000,10,80,100,700,200,1200,1800,100,15,15,1,1,89,0x37B5,150,200,450,350,35750,,,,,,,,,675,200,,,,,969,2000,30147,12,30162,10,19007,1,19003,8,4144,20
2427,ex2,[天界]巴风特,Baphomet,81,150000000,0,71500,28600,4,200000,200000,10,80,100,700,200,1200,1800,100,15,15,2,6,67,0x37B5,150,250,450,350,53625,,,,,,,,,675,200,,,,,969,2000,30148,12,30162,10,19007,1,19003,8,4147,20
2428,ex3,[天界]死灵,Doppelganger,72,150000000,0,71500,28600,4,200000,200000,10,80,100,700,200,1200,1800,100,15,15,1,6,67,0x37B5,150,250,450,350,25740,,,,,,,,,675,200,,,,,969,2000,30149,12,30162,10,19007,1,19003,8,4142,20
2429,ex4,[天界]蜂后,Mistress,74,150000000,0,71500,28600,4,200000,200000,10,80,100,700,200,1200,1800,100,15,15,0,4,84,0x37B5,150,250,450,350,19662,,,,,,,,,675,200,,,,,969,2000,30150,12,30162,10,19007,1,19003,8,4132,20
2430,ex5,[天界]黄金虫,Golden Thief,99,150000000,0,71500,28600,4,200000,200000,10,80,100,700,200,1200,1800,100,15,15,2,4,43,0x11AB,150,250,450,350,7150,,,,,,,,,675,200,,,,,969,2000,30151,12,30162,10,19007,1,19003,8,4128,1
2431,ex6,[天界]海盗之王,Drake,70,150000000,0,71500,28600,4,200000,200000,10,80,100,700,200,1200,1800,100,15,15,1,1,29,0x37B5,150,250,450,350,14300,,,,,,,,,675,200,,,,,969,2000,30152,12,30162,10,19007,1,19003,8,4137,20
2432,ex7,[天界]虎王,Eddga,65,150000000,0,71500,28600,4,200000,200000,10,80,100,700,200,1200,1800,100,15,15,2,2,23,0x37B5,150,250,450,350,12512,,,,,,,,,675,200,,,,,969,2000,30153,12,30162,10,19007,1,19003,8,4123,20
2433,ex8,[天界]幽灵波利,Ghostring,99,150000000,0,71500,28600,4,200000,200000,10,80,100,700,200,1200,1800,100,15,15,1,6,80,0x37B5,150,250,450,350,0,,,,,,,,,675,200,,,,,969,2000,30154,12,30162,10,19007,1,19003,8,4047,1
2434,ex9,[天界]蚁后,Maya,81,150000000,0,71500,28600,4,200000,200000,10,80,100,700,200,1200,1800,100,15,15,2,4,82,0x37B5,150,250,450,350,21450,,,,,,,,,675,200,,,,,969,2000,30155,12,30162,10,19007,1,19003,8,4146,20
2435,ex10,[天界]月夜猫,Moonlight,67,150000000,0,71500,28600,4,200000,200000,10,80,100,700,200,1200,1800,100,15,15,1,6,63,0x37B5,150,250,450,350,13750,,,,,,,,,675,200,,,,,969,2000,30147,12,30162,10,19007,1,19003,8,4131,20
2436,ex11,[天界]法老王,Pharaoh,93,150000000,0,71500,28600,4,200000,200000,10,80,100,700,200,1200,1800,100,15,15,2,9,67,0x37B5,150,250,450,350,57495,,,,,,,,,675,200,,,,,969,2000,30148,12,30162,10,19007,1,19003,8,4148,20
2437,ex12,[天界]皮里恩,Phreeoni,69,150000000,0,71500,28600,4,200000,200000,10,80,100,700,200,1200,1800,100,15,15,2,2,60,0x37B5,150,250,450,350,16087,,,,,,,,,675,200,,,,,969,2000,30149,12,30162,10,19007,1,19003,8,4121,20
2438,ex13,[天界]兽人酋长,Orc Lord,74,150000000,0,71500,28600,4,200000,200000,10,80,100,700,200,1200,1800,100,15,15,2,7,82,0x37B5,150,250,450,350,31102,,,,,,,,,675,200,,,,,969,2000,30150,12,30162,10,19007,1,19003,8,4135,20
2439,ex14,[天界]冰暴骑士,Stormy,77,150000000,0,71500,28600,4,200000,200000,10,80,100,700,200,1200,1800,100,15,15,2,0,84,0x37B5,150,250,450,350,32175,,,,,,,,,675,200,,,,,969,2000,30151,12,30162,10,19007,1,19003,8,4318,20
2440,ex15,[天界]卡仑,Garm,73,150000000,0,71500,28600,4,200000,200000,10,80,100,700,200,1200,1800,100,15,15,2,2,81,0x37B5,150,250,450,350,25025,,,,,,,,,675,200,,,,,969,2000,30152,12,30162,10,19007,1,19003,8,4324,20
2441,ex16,[天界]黑暗之王,Dark,80,150000000,0,71500,28600,4,200000,200000,10,80,100,700,200,1200,1800,100,15,15,2,6,89,0x37B5,150,250,450,350,32890,,,,,,,,,675,200,,,,,969,2000,30153,12,30162,10,19007,1,19003,8,4168,20
2442,ex17,[天界]乌龟将军,Turtle,97,150000000,0,71500,28600,4,200000,200000,10,80,100,700,200,1200,1800,100,15,15,2,2,42,0x37B5,150,250,450,350,9101,,,,,,,,,675,200,,,,,969,2000,30154,12,30162,10,19007,1,19003,8,4305,20
2443,ex18,[天界]死灵骑士,Lord,94,150000000,0,71500,28600,4,200000,200000,10,80,100,700,200,1200,1800,100,15,15,2,6,67,0x37B5,150,250,450,350,65671,,,,,,,,,675,200,,,,,969,2000,30155,12,,,19007,1,19003,8,,,
2444,ex19,[天界]天使波利,Angeling,20,150000000,0,71500,28600,4,200000,200000,10,80,100,700,200,1200,1800,100,15,15,1,8,80,0x37B5,150,250,450,350,32890,,,,,,,,,675,200,,,,,969,2000,30147,12,30162,10,19007,1,19003,8,4054,20
2445,ex20,[天界]德古拉男爵,D,85,150000000,0,71500,28600,4,200000,200000,10,80,100,700,200,1200,1800,100,15,15,2,6,80,0x37B5,150,250,450,350,60078,,,,,,,,,675,200,,,,,969,2000,30148,12,30162,10,19007,1,19003,8,4134,20
2446,ex21,[天界]墨蛇君,Evil Snake,73,150000000,0,71500,28600,4,200000,200000,10,80,100,700,200,1200,1800,100,15,15,2,2,80,0x37B5,150,250,450,350,17144,,,,,,,,,675,200,,,,,969,2000,30149,12,30162,10,19007,1,19003,8,4330,20
2447,ex22,[天界]元灵武士,Samurai,71,150000000,0,71500,28600,4,200000,200000,10,80,100,700,200,1200,1800,100,15,15,2,9,67,0x37B5,150,250,450,350,16547,,,,,,,,,675,200,,,,,969,2000,30150,12,30162,10,19007,1,19003,8,4263,1
2448,ex23,[天界]古埃及王,Amon Ra,88,150000000,0,71500,28600,4,200000,200000,10,80,100,700,200,1200,1800,100,15,15,2,7,62,0x1A4,150,250,450,350,43632,,,,,,,,,675,200,,,,,969,2000,30151,12,30162,10,19007,1,19003,8,4236,20
2449,ex24,[天界]塔奥群卡,Tao Gunka,99,150000000,0,71500,28600,4,200000,200000,10,80,100,700,200,1200,1800,100,15,15,2,6,60,0x37B5,150,250,450,350,29587,,,,,,,,,675,200,,,,,969,2000,30152,12,30162,10,19007,1,19003,8,4302,1
2450,ex25,[天界]RSX-0806,RSX-0806,86,150000000,0,71500,28600,4,200000,200000,10,80,100,700,200,1200,1800,100,15,15,2,0,60,0x37B5,150,250,450,350,15505,,,,,,,,,675,200,,,,,969,2000,30153,12,30162,10,19007,1,19003,8,4342,20
2451,ex26,[天界]嗒妮小姐,Lady,89,150000000,0,71500,28600,4,200000,200000,10,80,100,700,200,1200,1800,100,15,15,2,3,64,0x1A4,150,250,450,350,32497,,,,,,,,,675,200,,,,,969,2000,30154,12,30162,10,19007,1,19003,8,4376,20
2452,ex27,[天界]迪塔勒泰晤勒,Detar,90,150000000,0,71500,28600,4,200000,200000,10,80,100,700,200,1200,1800,100,15,15,2,9,67,0x37B5,150,250,450,350,145925,,,,,,,,,675,200,,,,,969,2000,30155,12,,,19007,1,19003,8,4386,20
2453,ex28,[天界]堕落大神官,Fallen,99,150000000,0,71500,28600,4,200000,200000,10,80,100,700,200,1200,1800,100,15,15,1,6,47,0x37B5,150,250,450,350,555555,,,,,,,,,675,200,,,,,969,2000,30147,12,30162,10,19007,1,19003,8,4441,1
2454,ex29,[天界]兰特克力斯,Valkyrie,99,150000000,0,71500,28600,4,200000,200000,10,80,100,700,200,1200,1800,100,15,15,2,8,80,0x37B5,150,250,450,350,0,,,,,,,,,675,200,,,,,969,2000,30147,12,30162,10,19007,1,19003,8,4407,1
2455,ex31,[天界]恶魔波利,Deviling,31,150000000,0,71500,28600,4,200000,200000,10,80,100,700,200,1200,1800,100,15,15,1,6,80,0x37B5,150,250,450,350,0,,,,,,,,,675,200,,,,,969,2000,30148,12,30162,10,19007,1,19003,8,4174,20
2456,ex32,[天界]兽人英雄,Orc Hero,77,150000000,0,71500,28600,4,200000,200000,10,80,100,700,200,1200,1800,100,15,15,2,7,42,0x37B5,150,250,450,350,29315,,,,,,,,,675,200,,,,,969,2000,30149,12,30162,10,19007,1,19003,8,4143,20
2457,ex33,[天界]贝思波,Vesper,97,150000000,0,71500,28600,4,200000,200000,10,80,100,700,200,1200,1800,100,15,15,2,2,80,0x37B5,150,250,450,350,100000,,,,,,,,,675,200,,,,,969,2000,30150,12,30162,10,19007,1,19003,8,4374,20
2458,ex34,[天界]圣天使波利,Arc Angeling,60,150000000,0,71500,28600,4,200000,200000,10,80,100,700,200,1200,1800,100,15,15,1,8,80,0x37B5,150,250,450,350,0,,,,,,,,,675,200,,,,,969,2000,30151,12,30162,10,19007,1,19003,8,4241,20
2459,ex35,[天界]白素贞,Osiris,78,150000000,0,71500,28600,4,200000,200000,10,80,100,700,200,1200,1800,100,15,15,1,1,89,0x37B5,150,200,450,350,35750,,,,,,,,,675,200,,,,,969,2000,30152,12,30162,10,19007,1,19003,8,4372,20
2460,ex36,[天界]阿特罗斯,Osiris,78,150000000,0,71500,28600,4,200000,200000,10,80,100,700,200,1200,1800,100,15,15,1,1,89,0x37B5,150,200,450,350,35750,,,,,,,,,675,200,,,,,969,2000,30153,12,30162,10,19007,1,19003,8,4425,20
2461,ex37,[天界]●剑士 赛尼亚,Osiris,78,150000000,0,71500,28600,4,200000,200000,10,80,100,700,200,1200,1800,100,15,15,1,1,89,0x37B5,150,200,450,350,35750,,,,,,,,,675,200,,,,,969,2000,30154,12,30162,10,19007,1,19003,8,4352,1